0.439942 0.132559 0
-0.261674 0.975296 0
0.641205 0.66406 0
-0.584001 0.199667 0
0.56238 0.998489 0
-0.12763 -0.561679 0
0.198595 0.992987 0
0.187358 -0.59606 0
-0.592476 0.514219 0
0.091592 -0.872998 0
0.236649 0.485175 0
0.203711 -0.530281 0
-0.0601853 0.604418 0
0.295541 -0.577675 0
0.440746 0.83633 0
0.227278 0.844881 0
-0.628774 -0.585031 0
0.0919144 -0.112204 0
0.58305 -0.233081 0
0.993254 0.0935124 0
0.190806 -0.484222 0
-0.404056 -0.436235 0
0.472235 0.353493 0
-0.701455 0.910088 0
-0.646253 -0.0199242 0
-0.284625 0.745242 0
0.461107 0.390079 0
0.735744 0.351697 0
-0.428432 -0.896278 0
-0.64777 0.401159 0
-0.0803146 -0.522693 0
-0.287634 -0.43261 0
0.163606 -0.363341 0
-0.357969 -0.527459 0
-0.816128 -0.566638 0
0.222475 0.96735 0
-0.0143728 0.201744 0
0.787338 0.477693 0
-0.626194 0.464132 0
0.842357 0.652515 0
0.15334 -0.666808 0
-0.494159 -0.20895 0
0.499304 -0.348164 0
-0.412038 0.341863 0
0.697769 0.174053 0
0.80555 0.992484 0
0.225243 -0.370375 0
-0.35909 -0.610117 0
-0.773129 0.252242 0
-0.847073 -0.635519 0
-0.956534 0.890635 0
0.97061 -0.100082 0
0.341124 -0.495964 0
0.332223 -0.209421 0
-0.972524 -0.303675 0
0.511232 -0.723538 0
0.562185 -0.725555 0
0.740635 0.782444 0
0.344598 -0.665207 0
0.617096 -0.257498 0
0.733716 0.986279 0
-0.606606 0.842481 0
0.265301 0.0206102 0
0.957811 0.774551 0
-0.776823 -0.499218 0
-0.885243 0.86319 0
0.90248 0.785608 0
0.948974 -0.958073 0
-0.824839 0.689806 0
0.354228 0.272792 0
-0.73632 -0.819859 0
0.829108 -0.406169 0
0.980311 -0.641559 0
0.682511 0.267563 0
0.34861 -0.127014 0
0.372111 -0.95423 0
0.0212944 0.737841 0
-0.236342 0.297302 0
0.980775 -0.610496 0
0.319675 0.0697927 0
0.275142 -0.569627 0
0.39908 0.0198061 0
0.371645 -0.32626 0
0.973882 0.777316 0
0.789797 0.183739 0
0.878385 -0.014064 0
-0.929775 0.454646 0
6.33001e-05 -0.105004 0
0.45072 -0.794887 0
0.854009 -0.801437 0
-0.193267 -0.330767 0
-0.968491 0.770078 0
0.322008 0.423587 0
0.509208 -0.988063 0
0.0826561 0.971875 0
0.316743 0.524116 0
0.232251 -0.120703 0
-0.0406476 -0.884974 0
-0.130139 -0.537488 0
-0.338612 -0.120031 0
-0.911562 0.111658 0
0.898705 -0.0390649 0
-0.677465 0.46787 0
0.751475 -0.728307 0
-0.472442 -0.210738 0
-0.389425 0.897395 0
0.991464 0.447931 0
0.791435 -0.404305 0
0.0657665 -0.341073 0
-0.0836967 -0.243312 0
-0.160207 0.229337 0
-0.545952 -0.122016 0
-0.215222 0.943573 0
-0.556801 -0.134744 0
-0.0382305 -0.0360921 0
-0.168125 -0.0877284 0
0.387381 -0.837764 0
-0.170048 -0.181489 0
-0.191922 -0.0486818 0
-0.435756 -0.615367 0
-0.768147 -0.320942 0
0.298393 -0.0972547 0
0.743813 0.884668 0
-0.628492 -0.00138396 0
0.657694 -0.158994 0
0.299342 -0.0328425 0
-0.236627 0.249409 0
-0.697378 -0.834045 0
0.574094 -0.397106 0
0.174634 -0.220269 0
-0.160392 0.694745 0
-0.996146 -0.987045 0
0.299474 -0.983813 0
0.195805 0.892672 0
0.754049 -0.726232 0
-0.13305 -0.370521 0
0.0372212 0.315957 0
0.144566 0.784135 0
0.889991 -0.0370876 0
-0.288314 -0.112234 0
-0.974869 -0.352608 0
-0.780095 0.850802 0
-0.702441 0.0268691 0
-0.84247 -0.387036 0
-0.690379 0.598262 0
0.137538 0.784545 0
-0.2482 -0.745286 0
0.177967 -0.519389 0
-0.600052 -0.614005 0
0.953918 -0.413253 0
-0.649226 -0.689628 0
0.792524 -0.952922 0
-0.619533 -0.875781 0
0.965623 -0.835826 0
0.553342 -0.434311 0
-0.977979 0.423646 0
0.14066 -0.816571 0
0.343772 -0.291858 0
0.617754 -0.618396 0
0.986794 -0.886112 0
0.59767 0.60385 0
-0.997478 0.314428 0
-0.435848 -0.126955 0
-0.696276 0.364201 0
0.771326 0.897883 0
0.32169 0.521023 0
0.670621 0.140178 0
-0.416135 -0.0652331 0
0.725828 -0.54202 0
0.971356 -0.869073 0
-0.722587 -0.299273 0
-0.746889 0.717185 0
-0.384092 0.151424 0
0.519127 0.283927 0
0.812476 -0.922085 0
0.69114 0.931639 0
0.780176 -0.0462599 0
0.360554 0.773557 0
0.346633 -0.82872 0
0.744464 -0.994907 0
0.559534 -0.0858148 0
0.307396 -0.717586 0
0.571033 -0.989914 0
-0.815898 -0.642479 0
0.550581 0.637667 0
-0.284379 -0.0720284 0
0.0873402 -0.478189 0
0.290605 -0.02233 0
-0.177927 -0.429486 0
-0.848936 -0.343321 0
0.803219 0.285982 0
-0.820078 0.515678 0
0.131036 -0.400492 0
0.606498 0.660176 0
0.288066 0.574066 0
-0.941076 -0.678664 0
-0.97797 -0.76922 0
0.44744 0.0421052 0
-0.651787 0.979218 0
0.997206 0.266595 0
0.695187 -0.0875322 0
-0.310506 0.710687 0
0.539005 0.100065 0
-0.539463 -0.0906131 0
-0.671815 0.545513 0
-0.855279 0.910413 0
0.803716 0.472014 0
0.820499 -0.713819 0
-0.582601 0.654403 0
0.646088 -0.76513 0
0.347894 0.967382 0
-0.349809 -0.100725 0
-0.122629 0.480743 0
0.237638 -0.748592 0
0.581919 -0.152207 0
-0.609278 0.260202 0
0.688921 0.0798877 0
-0.841728 -0.209565 0
-0.362891 0.786894 0
-0.484391 0.938241 0
0.56347 -0.306891 0
0.273365 0.219682 0
-0.0597686 0.187126 0
-0.836897 -0.342691 0
0.987934 0.594586 0
-0.855584 -0.575851 0
0.560984 -0.158906 0
0.967636 0.524293 0
0.182248 -0.790041 0
-0.901488 0.297523 0
0.65212 0.125866 0
-0.18863 -0.432883 0
0.99506 0.95394 0
0.877364 0.470425 0
-0.87495 -0.311097 0
0.229108 0.727945 0
0.753771 0.432063 0
0.821373 -0.977511 0
0.520259 0.457028 0
-0.186791 0.633764 0
0.67224 -0.877124 0
0.172105 -0.426959 0
-0.475716 -0.338588 0
0.627948 0.801701 0
0.735197 0.370475 0
0.641311 -0.918535 0
0.250989 0.0538005 0
-0.276843 0.219384 0
0.794186 -0.882868 0
-0.376731 -0.526128 0
0.712238 0.204685 0
-0.58653 -0.113697 0
0.157463 -0.896676 0
-0.589926 -0.0977386 0
-0.200281 0.0832765 0
-0.40301 0.92739 0
-0.596926 0.0876491 0
-0.97161 0.310232 0
-0.967589 0.856022 0
0.538879 0.805881 0
-0.485597 0.365545 0
0.456514 -0.980983 0
0.476941 0.387979 0
-0.93049 -0.880302 0
0.345964 0.481164 0
-0.646766 -0.741063 0
-0.562768 -0.9918 0
-0.838343 0.305749 0
0.364922 0.973657 0
-0.570126 -0.333985 0
-0.0279949 0.0835783 0
0.569848 -0.372541 0
0.393661 -0.0940868 0
0.971194 0.298813 0
0.384315 0.942232 0
-0.821491 -0.900489 0
-0.136552 -0.0384722 0
-0.236212 0.673523 0
-0.0618176 -0.458465 0
-0.792196 0.649601 0
0.903075 0.525283 0
-0.811193 0.814378 0
0.515252 0.62252 0
0.392848 0.413971 0
-0.633434 -0.765447 0
0.459734 -0.582304 0
0.474893 -0.589286 0
0.326602 0.871338 0
-0.772741 0.125118 0
0.74577 -0.417684 0
0.330899 0.703801 0
0.277633 -0.136352 0
-0.398678 -0.0838652 0
-0.590061 0.420633 0
0.599522 -0.440659 0
-0.618816 0.303851 0
0.496926 0.947749 0
-0.838679 0.916916 0
-0.932443 -0.925882 0
0.635893 0.834958 0
-0.0863113 0.523937 0
0.068626 0.033551 0
0.297628 -0.589012 0
0.639404 -0.849702 0
0.486424 0.922578 0
-0.811877 -0.763519 0
0.843248 0.194386 0
0.81799 0.471131 0
-0.610098 0.107157 0
-0.9827 0.310526 0
0.369819 -0.289457 0
0.0996158 0.869956 0
0.903959 0.412435 0
-0.721925 -0.129933 0
-0.0133326 -0.693888 0
0.342862 -0.222054 0
-0.892194 -0.618075 0
-0.347264 0.0976042 0
0.116582 -0.636694 0
0.164677 0.718374 0
0.0378437 -0.0352147 0
0.992886 0.998902 0
0.956547 -0.481712 0
0.812241 -0.0759447 0
0.616681 -0.348974 0
0.614879 0.748836 0
-0.217927 0.955964 0
-0.926828 -0.172421 0
-0.0110426 -0.144752 0
0.402591 -0.386446 0
0.65955 -0.883221 0
0.596162 0.0974536 0
0.446824 0.863987 0
-0.857886 -0.0644031 0
-0.689116 -0.601731 0
0.159765 -0.575278 0
-0.00323099 0.0562854 0
-0.570352 0.0893126 0
0.471315 -0.914594 0
0.116424 0.689165 0
0.265094 -0.17912 0
0.737519 0.76777 0
-0.746089 0.262673 0
-0.543017 -0.702934 0
-0.0152152 -0.727322 0
-0.831407 -0.653839 0
0.697216 0.760552 0
0.564146 -0.610364 0
-0.336758 -0.620183 0
0.95655 -0.0471529 0
-0.870796 -0.867582 0
-0.597085 -0.629428 0
0.995772 -0.1507 0
0.0478656 0.460729 0
-0.250258 0.395448 0
0.326374 0.859592 0
0.556418 0.261083 0
-0.564268 -0.176001 0
-0.95722 -0.915039 0
-0.91078 -0.235817 0
0.464007 0.765901 0
-0.871984 -0.372023 0
-0.211022 0.297626 0
0.376086 -0.332398 0
-0.963809 -0.0402489 0
-0.926604 0.715296 0
0.167781 0.370411 0
-0.457657 0.522883 0
-0.640204 -0.238632 0
0.521654 -0.694854 0
0.884452 0.312697 0
0.837411 -0.102886 0
-0.153857 -0.776184 0
0.890013 0.526229 0
0.561135 -0.267325 0
-0.616099 0.503073 0
0.889094 -0.946451 0
-0.101448 0.595159 0
0.0332552 0.391737 0
-0.86536 0.363387 0
0.233162 0.0967731 0
-0.90152 0.455198 0
0.34699 0.57828 0
-0.458634 -0.0311091 0
0.999754 0.901693 0
-0.725997 -0.602453 0
-0.434741 0.369512 0
0.911616 0.602222 0
-0.835943 -0.261386 0
-0.549579 0.0881343 0
-0.745749 -0.325862 0
-0.681514 0.122353 0
0.00526822 -0.708143 0
0.0284754 0.455397 0
0.192938 0.808591 0
-0.726993 0.56475 0
-0.910463 -0.63915 0
-0.152645 0.876176 0
-0.38839 -0.820456 0
-0.142674 0.162694 0
0.522568 -0.690616 0
-0.463602 0.706823 0
0.688067 -0.426169 0
0.879808 -0.753451 0
0.867293 -0.288221 0
0.0841047 -0.55176 0
0.304159 0.886789 0
-0.460663 -0.685706 0
0.820575 -0.328201 0
-0.517516 0.727633 0
-0.136897 -0.82921 0
-0.650276 -0.526045 0
0.685758 -0.769051 0
-0.420865 0.953539 0
0.341832 0.671873 0
-0.212907 -0.803127 0
0.675616 -0.0478882 0
-0.479832 -0.23764 0
-0.957061 -0.245009 0
0.632128 -0.853798 0
-0.874324 -0.838227 0
0.383556 -0.815172 0
0.512944 -0.244182 0
-0.830185 -0.389122 0
-0.727907 -0.102794 0
0.67492 -0.28046 0
0.784585 -0.888777 0
0.238295 -0.875283 0
-0.196436 -0.661246 0
0.654811 -0.0204607 0
0.362696 -0.352657 0
0.251737 0.243918 0
0.180464 0.600868 0
-0.45621 -0.155378 0
-0.0195453 0.157922 0
-0.632991 0.392252 0
0.311462 -0.86021 0
-0.766628 -0.330743 0
0.430312 0.479605 0
-0.86893 -0.885693 0
-0.792775 -0.135258 0
0.251555 -0.946452 0
-0.640563 0.327623 0
-0.459421 -0.814542 0
0.521426 0.6957 0
-0.196444 0.548887 0
0.644489 -0.856884 0
-0.122175 -0.145209 0
-0.998071 0.397259 0
0.684486 0.832088 0
-0.088921 0.132702 0
-0.904391 -0.908987 0
-0.507755 0.302688 0
-0.0302574 -0.652068 0
-0.875495 0.379153 0
0.627641 -0.844756 0
-0.27769 -0.695571 0
0.54467 -0.670441 0
-0.528347 -0.615881 0
-0.280803 -0.74648 0
-0.365139 -0.976152 0
0.587566 0.52726 0
0.490354 -0.683569 0
0.468832 -0.468647 0
-0.58225 0.471652 0
0.946782 0.435055 0
-0.167122 0.698721 0
0.344764 -0.872536 0
0.881844 -0.2505 0
-0.0615721 0.481303 0
0.772328 0.163856 0
-0.0692283 0.263044 0
-0.27499 -0.745157 0
-0.881774 0.347213 0
-0.427796 0.426394 0
0.936212 -0.997154 0
-0.593107 0.812914 0
0.79 -0.326464 0
0.160932 0.558424 0
-0.202598 -0.215127 0
-0.000543475 -0.459276 0
-0.13421 -0.21839 0
-0.74863 0.327186 0
0.353775 -0.594515 0
-0.274355 -0.853389 0
0.81422 0.0531701 0
0.0682992 0.0642523 0
-0.812018 0.391482 0
0.314175 0.11832 0
0.489135 -0.396681 0
0.84548 0.328976 0
-0.532923 -0.960554 0
-0.997319 0.440778 0
-0.750714 -0.0155247 0
0.781092 -0.730469 0
-0.428093 0.502552 0
0.425466 -0.208762 0
-0.575454 0.636394 0
-0.43697 -0.177283 0
0.0644795 0.279374 0
-0.775519 0.0431708 0
0.0927385 0.450612 0
0.102095 -0.542036 0
0.391389 0.26908 0
0.735419 0.692425 0
-0.133941 0.140936 0
-0.30124 0.546551 0
0.178556 0.845615 0
0.0848716 0.213753 0
0.56845 -0.926198 0
-0.761909 0.260069 0
-0.385129 0.785822 0
-0.2059 0.469138 0
0.432369 0.292712 0
0.765648 -0.483463 0
-0.813992 -0.0902972 0
-0.656189 -0.502741 0
-0.610935 0.363424 0
0.182568 0.340881 0
0.880724 0.430117 0
-0.433082 -0.0363436 0
-0.755471 0.745746 0
0.917106 0.201545 0
-0.0534474 0.345537 0
0.262902 0.522797 0
0.635005 -0.752058 0
-0.501437 0.963357 0
0.263801 -0.683867 0
0.0190626 0.130576 0
0.47523 0.751168 0
0.0271045 0.709747 0
0.234444 0.988581 0
0.677272 -0.740945 0
-0.170533 0.0690348 0
-0.526871 -0.783147 0
0.445956 -0.840682 0
0.0602947 -0.990899 0
-0.357646 0.502516 0
-0.512645 -0.677293 0
0.740407 0.45063 0
-0.393146 -0.169203 0
-0.154335 0.226604 0
-0.0443035 -0.0708131 0
-0.561281 0.454241 0
-0.886306 0.779622 0
-0.506496 0.00750768 0
-0.349997 -0.861168 0
-0.413738 -0.941897 0
-0.491591 0.844137 0
0.454688 0.694201 0
-0.274055 -0.253102 0
-0.77843 0.513266 0
0.455156 0.412445 0
0.0854796 -0.668027 0
0.996893 0.470154 0
0.519909 0.242396 0
0.647005 -0.665261 0
-0.589174 0.145451 0
0.907476 -0.387992 0
0.696886 -0.725115 0
-0.388578 0.0184984 0
-0.775474 -0.616108 0
-0.306972 0.998598 0
0.357627 -0.294385 0
0.903945 0.0451939 0
0.984323 -0.809313 0
-0.169809 -0.0332097 0
0.666503 -0.635849 0
0.821902 0.910123 0
-0.55961 0.850156 0
0.658847 0.402962 0
0.872482 0.249616 0
0.998865 0.266933 0
0.996883 -0.471343 0
0.295064 0.217409 0
0.609868 0.351182 0
0.881426 0.846525 0
0.860168 0.503879 0
-0.374066 0.116741 0
-0.385656 0.676209 0
0.887954 0.762742 0
0.955086 -0.100332 0
0.992906 -0.673527 0
0.215917 0.646663 0
-0.775404 0.370147 0
-0.949708 0.720265 0
0.506612 0.220207 0
-0.0332788 0.967952 0
0.857049 -0.086292 0
-0.494049 0.704153 0
0.536015 -0.266544 0
0.217246 0.239927 0
0.891569 -0.707442 0
-0.685941 -0.66505 0
-0.444752 -0.640412 0
-0.415301 0.626495 0
0.636631 -0.850231 0
0.188798 0.689663 0
0.23345 0.183733 0
-0.73379 0.848759 0
0.745183 -0.0237638 0
-0.26228 -0.626265 0
-0.0506831 -0.699073 0
-0.391379 -0.704911 0
-0.294918 -0.00720644 0
0.962261 0.176227 0
0.851672 0.735443 0
0.716454 -0.618241 0
0.838331 -0.318735 0
-0.917264 -0.66794 0
0.636651 0.114438 0
-0.396412 -0.639767 0
0.719827 -0.394165 0
-0.0240309 0.987102 0
0.235385 -0.144314 0
-0.478815 0.176634 0
-0.823804 0.425417 0
-0.386344 0.848831 0
-0.692889 0.818697 0
0.234421 -0.94068 0
-0.788321 0.47903 0
-0.170847 0.85183 0
-0.775185 -0.459219 0
-0.312502 0.101162 0
-0.931093 0.638241 0
-0.830082 -0.450661 0
0.751677 0.83028 0
0.479311 0.73314 0
-0.935329 -0.173647 0
0.457891 -0.65418 0
-0.641436 -0.622957 0
-0.661233 0.827135 0
-0.690625 -0.561003 0
-0.869898 0.0464045 0
-0.683795 0.511631 0
-0.745817 -0.249146 0
0.76106 -0.883848 0
0.330158 -0.279433 0
-0.884676 0.842328 0
0.0162809 -0.504067 0
-0.186038 -0.0633936 0
-0.54002 0.606245 0
0.88503 -0.717573 0
0.567691 -0.597638 0
-0.377582 0.532748 0
0.810727 -0.90682 0
0.423557 0.109012 0
-0.0238707 -0.764834 0
0.00776029 -0.954064 0
-0.645058 0.395929 0
-0.757725 0.553494 0
-0.0968248 -0.187382 0
-0.0175552 0.919785 0
-0.00158906 0.976644 0
-0.831516 0.634095 0
0.850708 -0.728483 0
-0.881547 0.122732 0
0.585245 0.415318 0
-0.0802447 0.184248 0
0.551939 -0.421645 0
0.679749 0.687622 0
-0.306474 -0.853126 0
0.349978 -0.680304 0
0.182414 -0.782912 0
-0.804782 -0.955231 0
0.0893757 -0.687575 0
0.896555 0.134068 0
0.295712 -0.412009 0
0.379971 -0.792289 0
-0.288714 0.702499 0
0.775211 0.0976499 0
0.722047 0.414212 0
-0.0862899 -0.263662 0
-0.84211 -0.5937 0
-0.0344952 -0.983992 0
0.899472 -0.356736 0
0.913329 0.68916 0
0.177461 0.0210403 0
-0.739826 0.320037 0
0.897374 0.840571 0
-0.0380016 0.577847 0
-0.990168 -0.638395 0
-0.317867 -0.0125033 0
-0.311821 0.869802 0
0.0577117 -0.442233 0
0.774208 0.21353 0
-0.123013 -0.600477 0
-0.199836 0.840658 0
-0.145532 -0.507117 0
0.337643 -0.192109 0
0.315361 0.508041 0
0.111697 -0.524756 0
0.537701 0.860656 0
-0.285648 0.919734 0
-0.856397 0.175534 0
-0.648246 -0.990068 0
-0.825987 -0.343146 0
-0.968672 0.961537 0
0.526893 0.749581 0
0.366466 0.985417 0
0.848598 -0.155037 0
0.651361 0.0295873 0
-0.0297195 0.853542 0
0.168246 -0.749948 0
0.545141 0.155961 0
0.770667 -0.839996 0
-0.391089 0.954857 0
0.231117 0.097831 0
-0.4689 -0.67539 0
0.460587 0.975222 0
0.493493 -0.890284 0
-0.51089 0.640992 0
0.859805 0.800112 0
0.173738 -0.436932 0
0.0551872 -0.741844 0
0.777262 -0.388055 0
-0.567262 -0.0776713 0
-0.582732 0.0697712 0
-0.357057 -0.198843 0
-0.13075 0.0607864 0
0.773673 0.230742 0
-0.0420361 -0.78243 0
-0.908427 -0.45865 0
-0.157189 -0.564143 0
0.874703 -0.422119 0
0.345841 0.182813 0
-0.662432 0.783827 0
-0.920087 -0.733738 0
-0.108041 -0.807885 0
-0.0251735 -0.556537 0
0.497671 0.433383 0
0.202605 -0.137334 0
0.308501 -0.947585 0
-0.71705 -0.55945 0
0.343566 -0.325681 0
0.360358 -0.363606 0
-0.855381 0.844212 0
0.709305 -0.97766 0
-0.96885 -0.702996 0
0.984636 0.331352 0
0.873618 -0.647931 0
0.0253371 0.994634 0
-0.85735 -0.935714 0
0.79178 -0.734391 0
-0.986668 -0.084546 0
0.20053 -0.182795 0
0.756024 -0.954361 0
0.452011 -0.959095 0
-0.483192 -0.951651 0
0.866218 0.82049 0
-0.554728 -0.361919 0
0.364219 0.690337 0
-0.660157 -0.141286 0
0.652972 0.741686 0
0.0432179 -0.349503 0
-0.695114 0.529255 0
-0.107081 0.330514 0
-0.532253 0.281058 0
-0.119075 0.873471 0
0.681182 -0.403216 0
0.395075 -0.41951 0
-0.495029 0.617801 0
-0.294418 -0.603873 0
0.933455 -0.692268 0
-0.439658 -0.00900054 0
-0.104069 0.425706 0
-0.112313 -0.338893 0
-0.320213 -0.288193 0
0.430148 -0.860327 0
0.837229 0.713088 0
0.891333 0.0597222 0
-0.472291 -0.338132 0
-0.448202 0.134284 0
0.317085 0.0794818 0
0.815151 0.855298 0
0.715809 0.461164 0
-0.761423 -0.498669 0
0.326511 0.37267 0
-0.675016 0.165291 0
-0.443812 -0.194834 0
0.492424 0.939017 0
-0.921054 0.039189 0
0.464052 0.939873 0
-0.707086 0.4839 0
0.652043 -0.268813 0
-0.00533181 0.820488 0
-0.849841 -0.447656 0
-0.363816 0.224312 0
0.631461 -0.95097 0
-0.952008 0.680864 0
-0.440717 0.0194834 0
0.702358 0.778034 0
0.138573 -0.236392 0
-0.565156 0.963613 0
-0.481461 -0.124555 0
0.976496 0.83889 0
0.498746 -0.0706279 0
0.610269 -0.32162 0
0.540017 -0.072488 0
0.0775884 -0.974621 0
-0.678297 0.254579 0
-0.367346 0.368046 0
-0.0868476 -0.0490638 0
-0.505856 0.932392 0
0.519082 0.246896 0
-0.436388 -0.87989 0
-0.951386 -0.17052 0
-0.0838514 -0.590754 0
0.160874 -0.477877 0
-0.618994 0.598948 0
0.577739 -0.210154 0
-0.188737 0.0231279 0
-0.23227 0.194014 0
-0.493786 0.300002 0
-0.671097 0.897147 0
-0.271956 0.831237 0
-0.028347 0.336259 0
0.356314 -0.527909 0
0.852906 -0.480647 0
-0.76616 0.712186 0
0.029254 -0.765876 0
-0.86389 0.399661 0
-0.356462 -0.846201 0
0.40578 0.392448 0
0.469882 -0.95457 0
0.787939 0.0303023 0
0.870992 -0.639741 0
0.387924 -0.346615 0
-0.433179 -0.547454 0
0.869968 0.713028 0
-0.240917 0.530179 0
0.458594 0.713498 0
0.166681 0.407265 0
0.232101 0.699019 0
-0.220605 0.12063 0
0.28759 0.0577236 0
-0.952007 0.788287 0
0.724628 0.502119 0
0.146631 -0.81571 0
-0.339116 -0.984743 0
-0.30068 0.0765737 0
-0.15022 0.724176 0
-0.890581 -0.510815 0
0.314127 0.032971 0
-0.144716 0.494601 0
0.0183777 0.714253 0
-0.0987542 0.728539 0
-0.783951 -0.549066 0
-0.48272 -0.845525 0
-0.89898 -0.875087 0
0.401645 -0.667428 0
0.561712 0.0232192 0
-0.214961 -0.673043 0
-0.661113 -0.173587 0
-0.480567 -0.73144 0
-0.759779 -0.900725 0
0.414732 -0.76793 0
0.672734 -0.986113 0
0.917161 -0.592768 0
0.0798671 0.168903 0
0.994276 0.147041 0
-0.692077 -0.503079 0
0.201254 -0.462265 0
0.736832 -0.356244 0
0.599713 0.853222 0
0.0251908 0.317906 0
0.968187 0.163965 0
-0.861791 -0.557417 0
-0.217214 -0.359282 0
0.635275 -0.2951 0
-0.527309 0.438419 0
-0.514145 -0.76536 0
0.250273 0.479066 0
-0.449313 -0.711483 0
-0.397365 -0.334285 0
-0.572715 0.197065 0
0.252289 0.701534 0
-0.348337 -0.619622 0
0.632777 -0.869654 0
-0.219475 -0.687975 0
-0.679642 -0.123719 0
0.152277 0.787944 0
-0.0457585 -0.0015009 0
-0.1492 0.305517 0
0.174945 0.719588 0
-0.644742 -0.748769 0
0.613268 -0.562048 0
0.570378 0.952814 0
0.575169 0.017197 0
0.722575 -0.0791494 0
0.00566125 -0.453827 0
-0.858871 0.451749 0
0.345105 0.824631 0
-0.496244 -0.991207 0
0.297572 -0.0635159 0
-0.772018 0.154956 0
-0.934017 -0.743134 0
-0.216599 -0.835976 0
0.165629 -0.650485 0
-0.36378 -0.985923 0
-0.276662 0.81437 0
0.98848 0.841358 0
-0.365155 0.0832325 0
-0.241235 -0.102196 0
0.421566 0.597362 0
-0.551047 -0.908333 0
-0.103115 -0.0774826 0
-0.199123 0.605319 0
0.516545 0.735073 0
0.629258 -0.983969 0
-0.34095 0.186426 0
0.614181 0.336623 0
-0.5396 -0.636151 0
-0.423603 0.114888 0
0.878693 -0.968244 0
0.754197 0.458262 0
0.356714 -0.485713 0
-0.435908 0.916371 0
0.171109 -0.890231 0
-0.880116 0.587878 0
0.789727 -0.277648 0
-0.209702 0.445474 0
0.150925 0.950368 0
0.582164 0.996412 0
0.708941 0.943251 0
0.233188 0.392345 0
0.632651 0.289965 0
0.0601428 -0.302156 0
0.984592 -0.143581 0
0.487431 0.36251 0
-0.236503 -0.497141 0
-0.907032 -0.250626 0
-0.682885 -0.0810062 0
-0.0330034 0.0790664 0
0.176853 0.326089 0
-0.488872 -0.772469 0
-0.0204374 0.14116 0
-0.430711 0.846426 0
-0.280165 0.477958 0
-0.159912 0.678267 0
0.260281 -0.240172 0
0.419897 -0.77804 0
0.790843 -0.104087 0
0.96673 -0.422485 0
0.129862 -0.653606 0
-0.10193 -0.030301 0
-0.539497 -0.0686269 0
-0.568875 -0.743579 0
-0.448128 0.872712 0
0.065657 -0.0425826 0
-0.54978 -0.665972 0
-0.543656 0.508432 0
-0.431796 -0.650546 0
-0.595521 0.127633 0
-0.294941 0.699469 0
-0.762221 0.55626 0
-0.620379 0.0639722 0
-0.026045 0.977136 0
-0.0842099 -0.193852 0
0.508161 0.517331 0
-0.287574 -0.175407 0
-0.602696 0.468064 0
0.820406 0.450518 0
-0.754622 0.859318 0
0.164046 -0.596595 0
-0.858233 -0.779825 0
-0.854074 0.238865 0
-0.17176 -0.510527 0
-0.258408 -0.71806 0
0.239143 0.483592 0
0.862662 -0.981275 0
-0.221914 -0.0200843 0
-0.614987 -0.368522 0
0.297242 0.322402 0
0.0912248 -0.191982 0
-0.391598 -0.839754 0
-0.684301 0.254014 0
-0.325841 0.500519 0
-0.780269 0.953139 0
-0.239127 -0.407591 0
0.663339 0.490921 0
0.780529 -0.219552 0
0.631066 -0.0946296 0
0.0552356 -0.832896 0
0.215748 0.416787 0
0.00676787 -0.44392 0
0.170093 0.321677 0
-0.548347 -0.967767 0
-0.0431005 0.275512 0
-0.53657 -0.131221 0
0.622196 0.774691 0
-0.011055 -0.422425 0
0.940396 0.294037 0
-0.0461044 -0.396882 0
-0.691738 -0.274275 0
0.980569 0.462468 0
0.629887 0.579518 0
-0.743247 -0.896566 0
0.120566 0.67773 0
0.143497 -0.0822071 0
