0.563292 -0.313545 0
-0.677077 0.596439 0
0.537892 -0.198144 0
0.0678103 0.860796 0
0.385159 -0.877794 0
-0.433598 -0.462927 0
-0.852538 -0.491467 0
0.629289 0.178792 0
0.599681 0.625158 0
0.965637 0.00395727 0
-0.777012 -0.613389 0
0.87404 0.479724 0
0.0595644 0.231459 0
-0.920438 0.740952 0
0.164514 0.646827 0
0.793938 0.597523 0
-0.152637 0.0642629 0
-0.33119 -0.426089 0
-0.604206 -0.895135 0
-0.149457 -0.251788 0
-0.225321 -0.0209542 0
-0.324089 0.655828 0
0.524938 0.396645 0
-0.961382 -0.724337 0
-0.421394 0.228422 0
0.853556 -0.115643 0
0.56024 -0.0918783 0
-0.64264 0.372706 0
-0.668365 0.499863 0
-0.312485 0.723768 0
0.553887 0.3901 0
-0.542816 -0.142474 0
0.0296335 0.187891 0
-0.987105 -0.862259 0
-0.284215 -0.874756 0
0.730752 0.421014 0
0.283255 0.802166 0
0.0894597 -0.749374 0
-0.843823 -0.0420849 0
-0.706128 -0.463799 0
-0.88566 -0.180701 0
0.656123 -0.755423 0
0.150394 0.832666 0
-0.786352 -0.0453404 0
-0.415811 -0.176958 0
0.786361 0.77676 0
0.731771 -0.99096 0
-0.733873 -0.0698668 0
-0.868564 0.624878 0
-0.464791 0.440018 0
0.333251 0.684245 0
-0.439428 0.835089 0
-0.722774 0.860642 0
0.180458 -0.528252 0
0.587984 0.688185 0
-0.78169 -0.447345 0
-0.174424 0.210374 0
0.157489 0.498377 0
-0.245552 -0.0564412 0
-0.102714 0.450008 0
0.370802 -0.0556464 0
0.31537 -0.699232 0
0.634587 -0.650959 0
-0.622504 0.203077 0
-0.867196 0.138576 0
0.305843 0.242006 0
-0.248915 0.634588 0
-0.0528691 -0.469031 0
0.355965 -0.798419 0
0.984709 -0.660764 0
-0.919869 -0.120365 0
-0.672888 0.652203 0
-0.631009 -0.691912 0
0.962733 -0.241734 0
-0.0352871 0.50478 0
-0.844227 -0.215638 0
-0.344467 0.179486 0
-0.117052 -0.23564 0
-0.280935 0.575614 0
0.404936 -0.0189276 0
0.264829 0.508828 0
-0.151227 -0.0825539 0
-0.523136 -0.934234 0
0.17111 -0.128213 0
0.529398 0.622751 0
0.804365 -0.346567 0
-0.918785 0.773948 0
0.739674 0.454829 0
0.0531125 -0.911641 0
0.363379 -0.0448493 0
-0.0793234 -0.81423 0
-0.417572 -0.356776 0
0.877376 0.699982 0
0.423056 0.435677 0
-0.336759 0.42944 0
-0.839664 -0.825794 0
-0.51572 0.808503 0
-0.019407 -0.318824 0
0.891791 -0.91053 0
0.521299 -0.156559 0
-0.0891939 -0.45788 0
-0.716805 0.579045 0
0.569494 0.296927 0
-0.795902 0.674981 0
-0.654645 0.247573 0
0.805335 -0.616331 0
0.112399 -0.0868542 0
0.470241 0.422645 0
0.0946242 -0.6175 0
0.595077 -0.455558 0
0.593066 0.117845 0
0.470952 0.663309 0
-0.823997 0.347525 0
-0.941518 -0.933265 0
0.154937 -0.932524 0
-0.450258 0.668136 0
0.346148 -0.125743 0
-0.376362 -0.772161 0
0.936106 -0.0471243 0
0.653701 0.195554 0
0.767394 0.0107342 0
0.199715 -0.357893 0
0.391933 -0.752179 0
0.919952 0.054881 0
0.333227 0.593685 0
-0.558097 -0.575895 0
-0.782733 -0.180924 0
0.241763 -0.455196 0
0.86456 -0.92597 0
0.020856 0.860562 0
0.887795 0.755355 0
0.413508 -0.157546 0
-0.152454 0.739103 0
0.660695 -0.386986 0
-0.235743 -0.562215 0
0.317434 -0.0121225 0
-0.802893 -0.355307 0
0.223289 0.920685 0
-0.696637 -0.0405831 0
-0.534547 -0.0960501 0
-0.975853 -0.507381 0
0.524205 0.363795 0
-0.790819 -0.500025 0
-0.189896 0.780685 0
-0.732676 -0.452459 0
-0.277592 -0.823578 0
-0.259414 0.298616 0
0.809334 0.887568 0
0.605868 0.982506 0
-0.840742 -0.202196 0
0.760487 -0.498344 0
-0.953171 0.785734 0
0.107839 -0.174279 0
0.868025 -0.231092 0
-0.257692 0.236009 0
0.469334 0.138317 0
-0.0933109 0.452136 0
0.218554 -0.312092 0
-0.63149 -0.591773 0
0.458591 -0.542448 0
0.872083 -0.520887 0
0.782926 -0.0408582 0
-0.121122 -0.185429 0
-0.636489 0.956993 0
0.928674 -0.184419 0
0.571692 -0.150053 0
0.478876 -0.584365 0
-0.230232 -0.680609 0
-0.478188 0.191666 0
0.783266 -0.484868 0
0.787346 0.818098 0
0.905952 0.965729 0
0.24532 -0.303684 0
0.756059 -0.822795 0
0.900263 0.688365 0
0.923009 0.0490835 0
0.530776 -0.509107 0
-0.250566 0.155425 0
-0.205674 -0.216315 0
-0.73443 -0.793752 0
-0.509402 0.480347 0
0.0311213 -0.963801 0
-0.581297 0.172653 0
-0.294247 0.0812399 0
-0.814992 0.593353 0
-0.956384 -0.765104 0
0.540378 0.856629 0
0.0136994 0.961928 0
0.0818185 0.519404 0
-0.438766 -0.00837642 0
0.30967 0.1658 0
0.0292215 -0.146362 0
-0.430636 -0.22212 0
-0.917849 0.45737 0
0.00753021 0.731937 0
-0.36121 0.920126 0
-0.670007 -0.10173 0
0.970908 -0.461357 0
0.221122 -0.475239 0
0.566416 0.473606 0
-0.162342 -0.622952 0
0.86913 -0.550981 0
0.30444 -0.21648 0
-0.382099 -0.20713 0
-0.328557 0.5552 0
-0.98273 0.97366 0
-0.226696 0.800422 0
-0.322726 -0.490151 0
-0.43424 0.371286 0
-0.139732 0.470206 0
0.491132 0.976884 0
0.931274 0.524729 0
-0.315425 0.688558 0
0.195849 0.354815 0
-0.151264 -0.856369 0
0.201984 0.801341 0
0.203486 -0.445035 0
0.075799 0.817615 0
-0.655411 0.905016 0
0.393109 0.896756 0
0.241232 0.868727 0
0.751222 -0.544354 0
0.301567 0.358336 0
0.392813 0.24767 0
0.882743 -0.151864 0
-0.70736 0.127287 0
-0.343207 -0.599916 0
0.611992 0.170945 0
-0.376569 0.0891198 0
0.561858 -0.0454121 0
0.314405 -0.527592 0
-0.779786 0.277547 0
-0.00164723 -0.414691 0
-0.717391 0.318809 0
0.678924 -0.733694 0
0.659152 -0.883243 0
0.500234 -0.879271 0
0.396303 0.577446 0
0.0513732 0.36434 0
-0.175319 0.662664 0
-0.102149 0.705759 0
-0.98849 -0.13304 0
0.401349 0.837816 0
-0.299152 0.646659 0
0.2573 0.0461727 0
0.143142 -0.467771 0
-0.979163 0.0584325 0
0.734768 0.165868 0
0.242909 -0.333381 0
0.0292498 0.193455 0
0.88128 -0.327545 0
0.577557 0.48681 0
-0.878225 0.157652 0
-0.563942 -0.97502 0
0.430415 -0.932969 0
-0.599783 0.48323 0
0.89873 0.449141 0
-0.226462 -0.312361 0
-0.879332 -0.766581 0
0.321876 -0.869886 0
0.596793 0.163691 0
-0.0447358 -0.123042 0
-0.989066 -0.467352 0
-0.89732 0.558514 0
-0.244988 0.0215673 0
0.153399 -0.552377 0
0.599539 -0.0408229 0
0.103398 -0.757297 0
0.338296 -0.417612 0
-0.690482 -0.249034 0
-0.964685 0.36695 0
-0.694309 0.638372 0
0.0479708 0.607513 0
-0.635885 -0.506094 0
0.143803 -0.484162 0
-0.911943 -0.288289 0
0.502774 0.420766 0
0.0990691 -0.319179 0
-0.861824 0.666382 0
-0.468574 -0.0308879 0
-0.900238 -0.160421 0
-0.736406 -0.879833 0
-0.4627 0.613692 0
-0.360837 0.866805 0
0.134953 0.972017 0
-0.210924 0.523311 0
0.956729 0.258491 0
-0.96038 0.252408 0
0.469972 0.127017 0
0.393149 -0.381244 0
0.34802 0.2451 0
-0.966812 -0.426627 0
-0.871381 0.592098 0
-0.772517 0.600391 0
0.354464 0.00226641 0
-0.739324 0.299027 0
-0.679292 -0.801561 0
-0.310926 0.554144 0
-0.039118 0.525309 0
-0.489058 -0.478342 0
-0.0887653 0.54296 0
0.292983 -0.912704 0
0.468504 0.986569 0
0.836091 0.107445 0
0.359275 0.20946 0
0.352496 -0.0346538 0
-0.0739293 -0.486638 0
0.77755 0.955373 0
-0.570243 -0.958948 0
-0.475876 -0.406847 0
0.0029943 -0.189094 0
0.140981 0.682254 0
0.27056 -0.362514 0
-0.519091 0.759911 0
-0.264886 0.372123 0
-0.841228 0.797228 0
-0.592322 0.0643723 0
0.0697221 0.126963 0
-0.376833 0.374638 0
0.711668 0.349407 0
-0.0369269 0.40535 0
-0.988364 0.101275 0
-0.651306 0.534753 0
0.763605 0.191383 0
-0.668787 0.694887 0
-0.407689 0.629924 0
-0.663005 0.820156 0
0.999089 -0.0855985 0
-0.92726 0.461022 0
-0.607551 -0.206191 0
-0.344659 0.73207 0
0.0702393 -0.980754 0
0.34259 0.0147084 0
-0.776647 0.933768 0
-0.274139 0.982822 0
-0.940811 0.297101 0
-0.0819656 0.528632 0
-0.200181 0.626265 0
0.985257 -0.138749 0
-0.814498 -0.192362 0
-0.00169289 0.946156 0
0.366536 -0.06472 0
0.947091 -0.701344 0
0.722212 -0.230185 0
0.78702 0.284268 0
-0.918205 0.389015 0
-0.221369 -0.0333107 0
0.532151 0.540272 0
-0.382698 0.9676 0
-0.355055 -0.30593 0
-0.623129 0.593573 0
0.511101 0.0840335 0
-0.299918 -0.791815 0
0.573931 0.312834 0
0.651531 -0.571404 0
0.520116 -0.529087 0
-0.999037 0.730184 0
0.685614 -0.0259959 0
0.90657 0.298377 0
0.680151 -0.784143 0
-0.0930972 0.70001 0
0.991949 0.0593375 0
-0.948271 -0.737528 0
0.0716505 -0.357615 0
0.477227 0.665003 0
-0.82991 -0.601784 0
-0.708213 -0.308945 0
0.738672 -0.695538 0
0.493661 0.806275 0
0.982031 0.573617 0
-0.570134 0.290299 0
0.233839 0.0034827 0
-0.616416 -0.634606 0
-0.703225 -0.525749 0
-0.604303 0.569336 0
-0.0405676 -0.372279 0
0.755336 0.431662 0
-0.489659 -0.275413 0
0.469271 -0.392181 0
0.558971 -0.0861684 0
-0.862971 -0.393982 0
0.216087 -0.470298 0
-0.678482 -0.950321 0
0.102755 0.0859386 0
0.183957 -0.352875 0
0.172935 0.8534 0
-0.293716 -0.57552 0
0.413217 0.451508 0
0.806581 0.46377 0
-0.701714 -0.370556 0
0.110209 -0.147513 0
0.655524 -0.738015 0
-0.738141 0.980308 0
0.258051 0.220823 0
0.0312077 -0.615611 0
-0.417016 0.0959915 0
0.650133 -0.308737 0
-0.617618 -0.409633 0
0.770423 0.108312 0
-0.181793 0.0670147 0
-0.184244 -0.853334 0
0.211744 0.355994 0
0.0644717 -0.214022 0
0.390685 0.0629761 0
0.357144 0.531873 0
-0.550044 -0.630364 0
0.79789 -0.694167 0
0.784102 0.434402 0
0.00985897 0.417455 0
-0.493594 -0.339957 0
0.0855784 0.601813 0
0.145082 -0.819971 0
-0.406948 -0.298054 0
0.518031 0.0042963 0
0.233642 0.364875 0
-0.0152473 -0.165292 0
0.322243 -0.658937 0
-0.394997 -0.387381 0
0.216221 -0.772598 0
-0.706363 -0.449925 0
0.542959 0.149211 0
-0.601966 0.285363 0
-0.0481716 -0.667404 0
0.764993 -0.364679 0
-0.847264 0.635139 0
-0.412021 0.597215 0
-0.471767 0.219823 0
0.378285 -0.267045 0
-0.180202 0.168485 0
-0.675679 0.636285 0
0.691344 -0.0921449 0
0.821435 0.938524 0
-0.255304 -0.802327 0
-0.402343 0.49749 0
0.20221 -0.296051 0
-0.941115 0.201648 0
-0.653391 -0.684926 0
0.153883 0.841222 0
0.933245 -0.809021 0
0.220554 -0.121979 0
-0.676327 0.806204 0
-0.752095 0.990922 0
0.571227 0.155913 0
0.701293 0.716562 0
-0.310966 -0.0132462 0
-0.795475 0.124278 0
-0.30344 -0.671299 0
0.626305 -0.0235864 0
-0.865051 0.0228232 0
0.257065 -0.428842 0
0.889241 0.586731 0
-0.400133 -0.126472 0
0.270868 -0.237073 0
0.575568 -0.0293665 0
0.420738 0.0970156 0
0.54913 0.499193 0
-0.989114 -0.0861601 0
-0.236211 0.136942 0
-0.85496 -0.395577 0
-0.328709 -0.879196 0
-0.314115 -0.390063 0
-0.966235 -0.671536 0
-0.395835 -0.66091 0
-0.919693 0.523254 0
0.0313408 0.947983 0
0.307443 0.899632 0
0.493377 -0.0444654 0
0.154589 0.558063 0
0.488373 -0.59083 0
-0.448184 -0.0557618 0
0.818881 0.722496 0
0.271354 0.420043 0
0.798796 0.944621 0
0.271321 0.684718 0
-0.504449 -0.641379 0
-0.738617 0.319177 0
-0.344793 0.351711 0
-0.398698 -0.0196483 0
0.763732 -0.894357 0
-0.855429 -0.57949 0
0.179676 -0.581992 0
0.267841 0.543447 0
-0.919397 0.941933 0
0.914963 0.683974 0
0.982841 -0.70892 0
0.382756 0.311931 0
-0.0923226 -0.241186 0
-0.50372 -0.714207 0
0.38961 -0.700639 0
-0.229303 -0.236107 0
-0.294864 -0.165889 0
-0.740964 -0.0147911 0
-0.0411699 -0.198305 0
0.322857 -0.906261 0
0.954662 -0.898984 0
-0.474414 -0.671283 0
-0.89597 -0.275218 0
-0.171451 0.835889 0
0.937762 0.120278 0
0.0541728 -0.4136 0
-0.235169 0.995628 0
0.859991 0.669384 0
-0.104721 -0.895473 0
-0.566756 -0.823398 0
0.0822011 -0.567305 0
-0.1842 0.145176 0
0.597264 -0.231952 0
-0.53688 -0.73319 0
0.919183 0.96508 0
-0.319405 0.771837 0
0.121157 0.758029 0
-0.96441 -0.416183 0
-0.263286 -0.163423 0
0.807528 0.905714 0
-0.00249344 -0.825051 0
-0.97481 -0.275598 0
0.257 0.811113 0
-0.556662 0.352583 0
0.817198 0.569527 0
0.290589 0.161044 0
-0.0161117 0.256379 0
0.627895 0.418196 0
0.730389 0.296666 0
-0.465053 0.656659 0
0.518146 -0.177011 0
0.393466 0.241958 0
0.0310639 -0.773418 0
-0.882184 -0.599656 0
-0.425657 -0.281195 0
0.512937 -0.940228 0
-0.0579724 0.974607 0
0.541363 0.946644 0
0.205106 -0.11395 0
0.6707 0.760625 0
-0.822827 0.425864 0
-0.172696 -0.950536 0
0.729685 0.634054 0
-0.130654 0.572412 0
-0.949601 -0.454685 0
0.71374 -0.940987 0
-0.664481 -0.650506 0
-0.847311 0.785236 0
0.378157 0.0225363 0
0.670381 -0.893884 0
0.0551618 0.284989 0
-0.101721 -0.846709 0
-0.831439 -0.229003 0
0.113116 -0.554797 0
-0.861085 0.720905 0
0.0211987 -0.603116 0
-0.50039 -0.808861 0
0.110417 0.638405 0
0.142219 -0.830913 0
-0.3716 -0.301881 0
0.94965 -0.473095 0
-0.996159 -0.855062 0
0.199204 0.928535 0
-0.860072 -0.327889 0
0.0100392 -0.15051 0
-0.344791 -0.972241 0
0.0623052 -0.418523 0
0.844259 0.843428 0
0.806011 0.29949 0
-0.0713742 -0.904806 0
-0.0892994 0.991875 0
0.441699 0.545235 0
-0.716978 0.319591 0
-0.839041 0.503996 0
-0.891492 -0.473872 0
-0.590021 -0.0176589 0
0.908654 -0.439603 0
-0.0345668 0.949643 0
0.868276 -0.536289 0
-0.674771 -0.0472317 0
0.917223 0.00844002 0
-0.0531483 -0.409983 0
0.216744 -0.420189 0
0.168554 0.855109 0
-0.808153 -0.327924 0
-0.119188 0.994255 0
-0.813287 0.728004 0
-0.0351133 -0.461912 0
-0.823718 -0.840005 0
-0.846894 0.10396 0
-0.390519 -0.276097 0
-0.312554 0.0514292 0
0.778439 -0.974384 0
0.962992 -0.325993 0
-0.438054 -0.286623 0
-0.234093 -0.770765 0
-0.949662 0.380881 0
0.781587 0.0926243 0
0.969224 -0.46193 0
0.79781 -0.989265 0
0.829717 0.190371 0
-0.973897 -0.529836 0
-0.113753 0.0338498 0
0.331256 0.716832 0
0.018935 0.812764 0
-0.481772 0.703847 0
0.660812 0.0373417 0
-0.0792192 -0.285107 0
0.680255 -0.524434 0
0.772339 0.528245 0
-0.355367 -0.0706916 0
-0.130224 0.459543 0
-0.157493 0.480669 0
-0.856446 -0.194564 0
-0.196738 0.607292 0
0.156856 -0.179932 0
0.704327 0.710882 0
-0.111908 0.799468 0
0.353597 -0.425425 0
0.652995 -0.887184 0
-0.704062 -0.876996 0
0.308833 0.592322 0
-0.366963 0.639438 0
0.193058 0.606215 0
0.370655 -0.872058 0
0.760111 0.603187 0
-0.549655 -0.251793 0
0.526533 -0.692811 0
-0.812622 -0.87418 0
-0.133413 -0.806794 0
-0.372894 -0.37907 0
0.493618 0.113477 0
0.535562 0.314934 0
0.12606 -0.233028 0
-0.014878 0.107105 0
0.536898 -0.42178 0
0.511071 -0.810207 0
0.0798239 -0.856505 0
0.76852 0.656721 0
0.602279 -0.334133 0
0.866989 0.113276 0
0.228416 0.244992 0
-0.92564 -0.911723 0
0.643725 -0.702377 0
0.192289 0.418363 0
-0.387993 -0.896769 0
-0.605224 0.860221 0
0.283476 -0.967687 0
0.635014 0.227342 0
-0.1275 0.359346 0
-0.837467 0.649376 0
-0.124374 -0.250747 0
0.639176 0.561043 0
-0.250641 -0.749479 0
0.741172 -0.655951 0
-0.0540349 0.334373 0
-0.377538 0.200752 0
-0.642437 0.39737 0
0.772278 0.0867937 0
0.424397 -0.0983064 0
-0.851595 0.180576 0
0.285088 0.035961 0
0.828258 0.0516084 0
0.417307 -0.735685 0
0.291698 0.554982 0
0.0329945 0.410512 0
0.903213 0.755059 0
0.81374 0.343025 0
-0.0318536 -0.435252 0
-0.594487 -0.464899 0
0.456285 -0.0900192 0
-0.216906 0.0830979 0
0.297194 0.829483 0
-0.846019 -0.0557777 0
0.974927 0.491683 0
-0.772682 -0.886425 0
0.118849 -0.698469 0
-0.982217 -0.411711 0
0.803499 0.914076 0
0.53426 -0.200035 0
-0.887908 0.456374 0
0.775068 -0.036984 0
-0.388038 -0.682573 0
0.61446 -0.198795 0
0.779104 0.487401 0
0.860773 0.231301 0
-0.591853 -0.827207 0
-0.843272 -0.148573 0
0.793675 0.0644373 0
-0.932353 0.781341 0
0.744604 0.228986 0
0.125521 0.192833 0
-0.836167 0.871634 0
-0.507075 -0.632291 0
0.551206 -0.0515047 0
0.700344 0.319357 0
-0.853459 0.686058 0
-0.780972 -0.877159 0
-0.731369 -0.121154 0
0.997224 -0.704899 0
-0.892248 -0.526399 0
0.451079 -0.0400705 0
-0.514279 -0.478966 0
0.600829 0.378267 0
-0.364293 -0.376581 0
0.168935 -0.325581 0
-0.416165 -0.827314 0
0.055644 -0.576411 0
-0.240999 -0.0241295 0
0.738045 -0.969139 0
0.56297 0.141135 0
-0.107798 -0.747103 0
0.113221 0.606325 0
-0.567656 -0.0247155 0
0.0408742 -0.675873 0
-0.975329 0.0584173 0
-0.462386 0.478792 0
0.48458 0.59175 0
-0.166051 -0.351624 0
-0.0418266 -0.918326 0
0.76733 -0.0417249 0
0.745982 -0.911621 0
-0.109402 0.293711 0
-0.681293 -0.906445 0
-0.887842 0.263144 0
-0.253479 -0.811943 0
0.58241 0.999809 0
0.0018481 0.234819 0
0.208532 -0.141219 0
-0.491407 -0.776254 0
-0.578884 -0.331784 0
0.603754 0.88101 0
0.767711 -0.123207 0
0.304481 0.0946664 0
-0.923482 0.648259 0
0.535672 0.709777 0
-0.674877 0.308002 0
-0.715162 0.213878 0
0.746425 -0.17933 0
0.219689 -0.870742 0
-0.168393 0.815947 0
0.770968 -0.388051 0
0.500857 0.772504 0
0.0883473 0.516 0
0.432677 0.219357 0
0.390714 0.156226 0
0.223934 -0.678729 0
0.586896 0.391507 0
-0.306526 -0.95375 0
-0.532888 0.383663 0
-0.278684 -0.62974 0
-0.882587 0.454527 0
-0.471397 0.472711 0
-0.622235 0.99043 0
0.361011 -0.903 0
-0.217532 -0.398864 0
0.230648 -0.478424 0
0.255324 -0.881064 0
0.226656 -0.828455 0
-0.954084 0.263886 0
0.331249 0.327697 0
-0.0336374 -0.878892 0
-0.448159 -0.180061 0
-0.0427073 0.978812 0
-0.27405 0.374774 0
-0.428239 0.04427 0
0.409881 0.618052 0
-0.328263 0.513572 0
-0.333568 -0.153529 0
-0.0794609 -0.633704 0
-0.820322 0.936019 0
-0.194392 0.10749 0
0.877756 -0.688793 0
-0.971857 -0.698844 0
-0.996881 0.102084 0
-0.429935 0.753486 0
-0.32548 -0.394103 0
0.991159 -0.997688 0
-0.494601 0.252958 0
-0.0983246 -0.86344 0
-0.385156 -0.738539 0
0.907356 -0.576829 0
-0.595532 -0.0961329 0
0.846424 -0.709938 0
-0.615913 -0.897234 0
-0.16542 -0.363499 0
-0.186889 -0.177737 0
0.0750469 -0.706649 0
-0.918091 -0.130537 0
-0.77811 0.268816 0
0.467787 -0.779071 0
-0.686499 -0.267168 0
0.993039 -0.364452 0
-0.46456 -0.815165 0
-0.0607146 -0.415686 0
-0.773145 0.881168 0
-0.696135 -0.607057 0
-0.690811 0.96539 0
0.61593 -0.138776 0
0.799959 -0.303195 0
0.440359 0.650072 0
-0.821742 -0.664579 0
0.68585 0.454768 0
0.734518 0.287825 0
0.277869 -0.612739 0
-0.4532 -0.766384 0
-0.714078 0.0976415 0
0.870446 0.589658 0
0.733513 0.944491 0
0.321607 0.38733 0
0.630503 -0.135977 0
0.748035 0.766004 0
-0.737633 -0.0194572 0
0.910454 0.415705 0
0.53766 -0.135092 0
-0.580193 0.830784 0
0.114387 0.181896 0
-0.522187 -0.412875 0
0.85301 0.589577 0
-0.466183 -0.952896 0
-0.832135 -0.243276 0
0.555894 0.154386 0
0.266957 -0.626714 0
0.567861 0.968443 0
-0.32508 -0.486523 0
0.636927 0.459789 0
-0.631981 -0.77111 0
0.451113 -0.286301 0
-0.571396 0.593304 0
0.0894674 -0.358121 0
-0.975227 -0.941344 0
0.737534 -0.68475 0
0.328595 -0.122072 0
-0.397201 -0.231285 0
0.00958812 0.611001 0
0.920997 0.676329 0
-0.168511 -0.922484 0
0.629303 -0.555938 0
0.818762 0.0611792 0
-0.070639 -0.954739 0
0.524488 0.275059 0
-0.751683 0.227119 0
-0.800405 -0.128637 0
-0.829664 -0.0587211 0
-0.4746 0.306867 0
0.191483 -0.238442 0
-0.592155 0.25777 0
0.525341 0.793831 0
-0.575626 0.766474 0
-0.00295466 0.976494 0
0.147343 0.341952 0
-0.362607 -0.54958 0
-0.843857 -0.404671 0
0.00726008 0.0334512 0
-0.480711 -0.453449 0
0.72575 -0.756066 0
0.0191672 0.609344 0
0.360207 -0.978188 0
0.552381 0.183704 0
-0.368266 0.250251 0
0.52289 0.510365 0
-0.231904 0.566097 0
0.618954 -0.672183 0
-0.646811 -0.595389 0
-0.999798 -0.795481 0
-0.234698 -0.12061 0
-0.422545 -0.312311 0
0.202653 0.457052 0
-0.0968528 -0.771971 0
0.59761 -0.764454 0
-0.634164 0.430771 0
0.613569 -0.565897 0
-0.259822 0.43273 0
0.137603 -0.948136 0
-0.229033 0.00983262 0
0.258868 -0.854208 0
-0.859531 0.303148 0
0.363248 0.501468 0
0.188628 -0.0341619 0
-0.199078 0.159983 0
-0.468241 -0.0189527 0
0.0492306 0.0785556 0
0.649349 0.336221 0
-0.717524 0.0215198 0
0.325912 0.202067 0
0.575704 -0.476641 0
-0.998 -0.229984 0
-0.177376 0.640599 0
0.833619 0.681233 0
0.33115 0.239553 0
-0.445757 -0.574057 0
-0.199481 -0.946276 0
-0.367647 0.660573 0
-0.210553 -0.273559 0
0.178284 0.379366 0
-0.840307 -0.0607094 0
-0.609077 0.70223 0
0.596285 0.0621977 0
-0.439204 0.00238371 0
-0.908262 0.855201 0
-0.275639 0.0128452 0
-0.171771 -0.485359 0
0.464342 -0.627034 0
0.940098 -0.623401 0
0.556939 -0.81272 0
-0.581252 0.948601 0
-0.715567 -0.219702 0
0.820849 -0.812903 0
-0.188602 -0.843539 0
-0.316915 -0.74377 0
0.960517 -0.279381 0
0.00584185 0.668662 0
-0.517373 0.505808 0
-0.175515 0.0806403 0
0.451592 0.76099 0
0.598426 0.0142797 0
0.600952 0.9314 0
-0.346555 0.78707 0
0.191085 -0.937517 0
0.0751396 0.0082072 0
-0.719658 0.0499463 0
-0.522684 -0.593965 0
0.150384 0.262676 0
-0.822515 0.470804 0
0.0796448 -0.401095 0
-0.897379 0.135596 0
0.0853182 -0.57869 0
0.68108 -0.391895 0
-0.815217 -0.152617 0
0.598235 -0.535093 0
-0.405522 0.872993 0
-0.168368 -0.734183 0
0.0307519 -0.408041 0
-0.619319 0.754474 0
0.235929 -0.891062 0
0.975046 0.693574 0
0.637289 0.838614 0
-0.0091995 0.0132637 0
0.913682 -0.391216 0
0.199214 -0.58509 0
-0.0379367 0.226414 0
0.430996 -0.213396 0
0.787722 0.189113 0
-0.914885 0.90962 0
-0.835238 -0.921802 0
0.251656 -0.621394 0
-0.245298 -0.386954 0
0.53869 -0.48895 0
-0.421132 0.550128 0
-0.399552 0.107984 0
-0.950321 -0.778522 0
-0.568747 0.469483 0
0.536553 -0.286579 0
-0.146758 -0.949094 0
-0.163062 0.223976 0
0.22108 -0.484294 0
0.363898 -0.844376 0
-0.204616 0.276948 0
-0.00713211 0.759583 0
0.586701 0.118649 0
-0.930307 -0.681708 0
0.830729 -0.827164 0
-0.274134 0.221734 0
0.722552 0.243196 0
-0.12987 -0.90658 0
-0.614001 0.354821 0
-0.932559 0.261123 0
-0.324601 -0.613624 0
0.995994 -0.112766 0
0.749976 -0.198542 0
-0.702036 0.301515 0
-0.843077 0.646232 0
-0.780576 -0.42516 0
0.886155 -0.205168 0
0.164145 0.189412 0
-0.991028 0.509612 0
-0.924784 -0.114262 0
0.603449 -0.50242 0
0.228582 -0.831479 0
-0.157217 0.964266 0
-0.868371 -0.77495 0
-0.417291 0.143244 0
-0.183791 -0.366573 0
0.189836 0.88935 0
-0.825057 -0.330409 0
-0.182472 -0.711254 0
0.906515 -0.890389 0
0.326931 -0.910805 0
-0.518722 -0.600603 0
0.569642 0.225222 0
-0.469482 0.55045 0
-0.985522 -0.132385 0
0.459266 0.114947 0
0.799282 -0.753386 0
0.513494 0.346492 0
-0.338281 -0.0669044 0
0.557257 0.993793 0
-0.974329 0.946303 0
-0.160547 -0.87577 0
-0.206634 0.694912 0
0.785671 -0.239112 0
-0.0464026 0.137469 0
0.790663 0.300283 0
-0.960819 -0.647352 0
0.264295 0.986845 0
0.439078 -0.859485 0
