0.564757 0.604289 0
0.868468 -0.0678999 0
0.848295 -0.360773 0
0.959314 0.876801 0
-0.0801939 0.0166695 0
0.346586 0.367806 0
0.180638 -0.41421 0
0.654748 0.141981 0
0.452604 -0.0599336 0
-0.727113 -0.562452 0
0.1041 0.841722 0
-0.974623 0.501498 0
-0.768704 -0.297635 0
-0.0704402 -0.312548 0
0.103655 0.0703405 0
0.779788 -0.920031 0
-0.800483 -0.0641455 0
-0.271702 0.448385 0
0.522523 0.539201 0
0.0523928 0.565633 0
0.00202823 -0.813712 0
0.117958 -0.602962 0
-0.297911 0.1607 0
-0.869119 0.211921 0
0.994211 0.15355 0
-0.556847 -0.0758007 0
-0.0832799 0.407799 0
-0.454529 -0.965233 0
0.698979 0.326782 0
0.114105 -0.780022 0
0.400666 -0.56348 0
-0.246765 -0.104614 0
-0.114221 -0.229539 0
0.303553 0.100503 0
-0.166164 0.536438 0
0.0632948 0.501946 0
-0.735069 0.461626 0
-0.208434 0.852236 0
0.757549 -0.178894 0
-0.127039 -0.632658 0
0.499904 0.675539 0
0.747266 0.784212 0
0.44669 -0.669934 0
-0.619884 -0.12321 0
-0.23654 0.397705 0
0.491026 -0.216571 0
-0.298005 0.340973 0
-0.00937563 0.545827 0
-0.0297508 -0.825197 0
-0.932827 -0.45927 0
0.845847 0.903001 0
0.295874 0.389268 0
-0.494252 -0.908237 0
0.0838653 -0.931835 0
0.629504 0.607476 0
-0.582511 0.752642 0
-0.440833 -0.811061 0
0.120302 0.786412 0
-0.319665 0.199247 0
-0.817829 0.595782 0
-0.873092 -0.273376 0
0.872828 0.358714 0
0.338984 0.192476 0
0.105906 0.706059 0
-0.370281 -0.0738811 0
-0.323773 0.427314 0
-0.0439246 0.241556 0
0.25251 0.541586 0
0.660751 -0.707234 0
0.060621 -0.517844 0
-0.145893 0.322807 0
0.457633 0.360739 0
0.111027 -0.0398512 0
-0.70273 0.0624691 0
-0.00125599 0.0109016 0
0.792091 0.93248 0
-0.859314 -0.997241 0
0.536094 0.928122 0
0.270568 -0.891089 0
0.26079 -0.693593 0
-0.788934 -0.299898 0
-0.104153 0.224773 0
-0.329979 0.718615 0
0.464232 0.825673 0
-0.431313 -0.814612 0
0.279325 0.494853 0
-0.533297 0.0676373 0
0.0224791 -0.483945 0
-0.694166 0.591669 0
0.952154 -0.992597 0
-0.681473 -0.381062 0
0.0963085 -0.728518 0
0.813008 -0.0474783 0
0.951349 -0.419661 0
0.660371 -0.615408 0
-0.595204 -0.074492 0
0.47406 0.24544 0
0.374757 -0.980123 0
0.804375 -0.664065 0
0.109895 -0.22447 0
0.741019 -0.625696 0
-0.748147 0.081908 0
0.812349 -0.576992 0
0.995316 0.79222 0
-0.279064 0.896442 0
0.010126 0.946805 0
-0.592296 0.980933 0
-0.0476116 -0.0120978 0
-0.394921 -0.453489 0
0.785304 -0.95693 0
-0.114202 -0.867435 0
0.450431 -0.638001 0
0.175574 0.82182 0
-0.662993 0.332946 0
0.412964 -0.316425 0
-0.386034 0.037652 0
0.985946 -0.237763 0
-0.437723 -0.948997 0
-0.288733 -0.286406 0
-0.0200511 -0.00896442 0
0.762145 0.322677 0
0.490612 0.779245 0
0.727693 -0.504284 0
0.129395 0.39422 0
0.21984 0.554171 0
-0.578251 0.231418 0
0.48461 0.0337752 0
0.341794 0.0774617 0
-0.995193 -0.872797 0
0.630369 -0.127244 0
0.919861 0.035815 0
0.268561 0.77966 0
-0.546484 -0.51876 0
0.789918 -0.259461 0
-0.293703 0.0978831 0
0.484604 0.194597 0
0.821256 -0.92943 0
0.798083 -0.921748 0
0.797868 -0.842932 0
0.817353 0.885805 0
0.961038 -0.532612 0
0.558473 0.774511 0
-0.940868 -0.771749 0
-0.00936592 -0.106813 0
-0.282266 -0.743056 0
0.208609 -0.871837 0
-0.995756 0.690103 0
-0.914804 -0.953857 0
0.605828 0.110328 0
0.613544 0.901947 0
0.910814 0.699658 0
-0.144365 -0.621728 0
0.902758 -0.318696 0
0.992742 0.724628 0
0.0429257 0.178798 0
-0.480328 -0.658025 0
-0.381084 -0.385136 0
0.326993 0.858194 0
0.308752 -0.462574 0
0.831602 -0.82582 0
-0.443467 0.898122 0
0.403467 -0.770598 0
-0.968894 0.250674 0
-0.782092 -0.422916 0
-0.166967 0.500026 0
0.219681 -0.945764 0
-0.977344 0.891715 0
0.207111 0.901656 0
0.179976 -0.7775 0
-0.671516 0.0193918 0
-0.689818 0.462638 0
-0.338139 0.054584 0
-0.813627 0.811597 0
0.249946 -0.472321 0
-0.474279 0.591522 0
-0.244325 0.10568 0
0.448513 -0.487838 0
0.452755 -0.912278 0
-0.021067 -0.315624 0
-0.809415 0.859528 0
-0.871225 0.540789 0
0.707903 0.52571 0
-0.789704 -0.133048 0
-0.0971046 0.423608 0
-0.287898 -0.417806 0
0.752212 -0.0100301 0
0.930219 -0.337328 0
0.836547 -0.903516 0
0.485377 0.996621 0
0.0278591 -0.00115031 0
-0.798717 0.485978 0
-0.791255 0.426496 0
0.188475 -0.00510919 0
0.266826 0.904035 0
0.630992 0.802809 0
-0.248808 -0.0395762 0
0.299304 -0.923741 0
0.292904 -0.926657 0
0.943492 0.026826 0
-0.683009 -0.35469 0
-0.939146 -0.425541 0
-0.750557 -0.261661 0
-0.209113 -0.896122 0
-0.467441 -0.668653 0
-0.936954 0.243036 0
0.323953 -0.282387 0
-0.446798 -0.644899 0
0.850658 0.931365 0
-0.47764 -0.392012 0
-0.016917 -0.177262 0
-0.48577 -0.0330912 0
-0.346107 -0.241544 0
-0.282601 -0.575123 0
-0.69768 0.278275 0
0.156492 0.68941 0
0.961185 0.655811 0
0.194405 -0.774451 0
0.108286 0.365913 0
0.0414729 -0.0229226 0
0.912684 0.462133 0
-0.896625 -0.218126 0
-0.0639755 0.690552 0
-0.129349 -0.573785 0
-0.0571401 0.491297 0
0.250624 0.351528 0
0.402443 0.566844 0
0.938707 0.70856 0
0.0229979 -0.434493 0
0.084905 -0.987113 0
-0.316594 0.00987184 0
0.152081 -0.170863 0
-0.393069 -0.132874 0
0.319026 -0.892144 0
0.253317 0.741179 0
0.376086 -0.377524 0
-0.0330352 -0.600131 0
-0.295067 -0.193462 0
0.9193 -0.237262 0
-0.939671 -0.260233 0
-0.119543 -0.960033 0
-0.516318 0.617309 0
0.201594 -0.180624 0
0.350528 0.182545 0
-0.45391 -0.375602 0
-0.0649149 0.605442 0
-0.105624 0.885828 0
-0.947492 0.364765 0
0.075796 0.299089 0
0.855916 -0.703304 0
0.0372922 -0.652516 0
0.0448748 0.735528 0
-0.208964 0.697954 0
0.620108 -0.954731 0
0.358637 -0.623461 0
-0.0482264 0.648965 0
-0.842431 0.720018 0
-0.139873 -0.975335 0
-0.88371 0.797851 0
0.800824 0.760238 0
0.889253 -0.809058 0
-0.214117 0.0822437 0
0.078047 -0.798073 0
0.331013 -0.25106 0
-0.375929 0.412074 0
0.20083 0.202747 0
-0.570993 -0.0763102 0
-0.317998 0.228326 0
0.898605 0.820127 0
-0.951624 0.308352 0
0.209016 0.828931 0
-0.960681 -0.545754 0
0.40675 0.860549 0
0.944405 -0.979032 0
0.654092 -0.483749 0
-0.703599 0.795321 0
0.885252 -0.866227 0
0.10661 -0.496752 0
-0.621859 -0.261287 0
0.120566 0.55104 0
0.361712 0.35591 0
0.63366 -0.407082 0
0.447821 0.0389152 0
0.818042 -0.389918 0
-0.826082 0.220363 0
-0.457482 0.695514 0
0.566941 0.553026 0
0.734083 0.864916 0
-0.0567474 0.14857 0
0.246994 -0.170399 0
-0.732271 -0.208942 0
0.93147 0.117041 0
0.744201 -0.806678 0
-0.927749 0.688164 0
-0.276535 0.161748 0
0.79646 0.857388 0
0.859113 -0.222262 0
-0.378666 0.618696 0
0.934492 0.590299 0
0.583743 -0.358637 0
0.631986 0.629185 0
0.946859 -0.521081 0
0.213417 0.301692 0
0.749735 -0.182553 0
0.586416 -0.775774 0
-0.213261 -0.452661 0
-0.639509 -0.82297 0
0.718622 0.492815 0
-0.482066 -0.711002 0
-0.852557 -0.539654 0
0.968328 -0.74923 0
0.154448 -0.429121 0
0.320097 -0.421888 0
0.221416 0.362351 0
-0.585555 0.487881 0
0.0352986 0.405501 0
0.278468 0.363971 0
-0.137261 -0.824125 0
0.482687 0.712746 0
-0.393549 0.318782 0
0.0901679 -0.105745 0
0.912446 0.177548 0
0.18275 0.107673 0
-0.620637 -0.696616 0
-0.223919 0.854925 0
0.0856341 0.921622 0
-0.376356 0.60112 0
0.10783 0.508254 0
-0.792604 0.43118 0
-0.280735 0.63626 0
0.0417174 -0.72855 0
-0.278077 0.48471 0
-0.765783 -0.0380799 0
-0.341672 -0.477395 0
-0.727294 0.200705 0
-0.105875 0.67261 0
-0.266172 0.135293 0
-0.912381 -0.278722 0
0.248806 -0.651514 0
0.793339 -0.354786 0
0.471512 0.937785 0
0.260382 0.383625 0
-0.8757 -0.866317 0
-0.809936 -0.143348 0
-0.457299 0.376445 0
0.73047 -0.673845 0
0.870326 -0.910176 0
-0.543966 0.907965 0
0.842521 -0.35889 0
-0.143483 0.452784 0
0.747266 -0.283875 0
-0.632479 0.624013 0
0.920724 0.759886 0
-0.521085 -0.658639 0
0.989977 0.468807 0
0.937926 0.0355105 0
0.172645 0.651024 0
0.662385 -0.354016 0
-0.201386 0.073613 0
-0.561603 0.326183 0
-0.589999 -0.781388 0
0.741322 -0.155609 0
0.916583 0.897544 0
0.974305 -0.64616 0
-0.176643 -0.417751 0
0.670291 -0.85524 0
-0.85778 -0.237262 0
0.0908296 -0.31512 0
0.030122 0.20794 0
0.951524 0.207505 0
-0.0243938 0.324002 0
-0.906072 -0.499816 0
0.553913 -0.114561 0
-0.33173 -0.553339 0
-0.087824 0.755495 0
0.69047 0.83432 0
-0.434966 -0.166305 0
-0.780161 0.78111 0
-0.827647 -0.369236 0
-0.173249 0.957766 0
-0.402862 -0.802257 0
-0.478107 0.583669 0
-0.0792422 -0.925402 0
-0.683113 -0.0496207 0
-0.460374 0.166374 0
0.222477 -0.497818 0
-0.410905 0.0367218 0
-0.909267 -0.742406 0
0.222511 -0.823367 0
-0.63949 -0.275522 0
-0.209009 0.421321 0
0.559575 -0.394186 0
0.579988 -0.834649 0
0.124813 0.943801 0
-0.650791 0.46756 0
-0.297729 -0.453551 0
-0.547852 -0.259237 0
0.154509 0.30006 0
0.246976 -0.971822 0
0.240388 0.488821 0
-0.93947 -0.439816 0
0.667175 0.703194 0
-0.889292 0.508786 0
0.362549 0.892782 0
-0.512295 -0.0673391 0
-0.882038 -0.274345 0
-0.67195 0.722756 0
0.285286 0.6001 0
0.726332 -0.359803 0
-0.185635 -0.82194 0
-0.893595 -0.848361 0
0.892832 -0.880612 0
-0.414752 -0.393566 0
-0.531893 -0.327357 0
0.0328906 0.22922 0
-0.145913 0.405629 0
-0.304295 -0.909535 0
-0.746581 -0.363358 0
-0.747035 0.317281 0
-0.846608 -0.0527919 0
0.889303 0.384977 0
-0.388485 -0.227923 0
0.885249 0.515236 0
0.722633 0.256011 0
0.0748637 -0.719356 0
0.69517 -0.862303 0
-0.735622 -0.0238352 0
0.190437 -0.924936 0
-0.870575 0.92505 0
-0.819726 -0.975716 0
0.888358 0.142739 0
0.780388 -0.336489 0
0.0811628 0.754956 0
0.473083 0.860579 0
-0.800619 0.414426 0
-0.0146526 0.26761 0
-0.276524 -0.31124 0
-0.937583 0.197604 0
-0.361564 -0.657922 0
-0.338036 0.135889 0
-0.973299 -0.913694 0
-0.749444 0.69522 0
0.836656 -0.36819 0
0.445907 -0.417741 0
-0.538149 -0.727709 0
0.238286 0.145512 0
0.321281 0.343163 0
-0.133552 0.226261 0
0.255363 -0.215097 0
0.475723 -0.254524 0
-0.606624 0.505877 0
-0.713625 0.0306311 0
0.388836 0.930404 0
-0.460161 -0.633304 0
-0.504374 -0.326351 0
0.596235 -0.0859459 0
0.32147 -0.839274 0
0.169339 -0.736002 0
0.926046 0.587514 0
0.489736 -0.222503 0
0.516508 -0.580924 0
-0.949191 -0.406285 0
-0.50131 0.310143 0
0.775636 -0.742907 0
-0.0771716 0.187948 0
-0.981977 -0.603816 0
0.148491 -0.840389 0
-0.874066 -0.732174 0
0.334509 0.317196 0
-0.463179 0.00744128 0
0.639418 -0.749786 0
-0.662332 -0.758858 0
-0.991169 0.276995 0
0.857634 0.0866174 0
-0.437949 -0.46295 0
0.502016 -0.773811 0
0.959214 0.966828 0
0.204523 0.0978267 0
-0.188967 0.7978 0
-0.0883464 -0.708837 0
0.13522 -0.104637 0
-0.703322 -0.673276 0
0.400245 0.705011 0
-0.719513 0.508462 0
-0.582624 -0.666152 0
0.365129 -0.648471 0
-0.0804521 -0.787621 0
0.086557 0.509195 0
-0.875516 -0.323602 0
0.525602 0.261191 0
-0.124266 0.399134 0
-0.908685 -0.185594 0
-0.633409 -0.547651 0
0.707245 -0.497248 0
-0.0189757 -0.494942 0
0.502609 0.761969 0
0.709356 -0.0631189 0
-0.908425 -0.733783 0
0.54775 0.0422801 0
-0.72115 -0.28739 0
-0.268111 0.510192 0
0.669856 -0.887272 0
0.939009 0.783719 0
0.659097 -0.109507 0
0.833643 0.155896 0
-0.971468 0.712526 0
-0.650903 0.62343 0
0.548501 -0.300542 0
0.328676 0.24827 0
0.599009 -0.960227 0
-0.297795 0.614309 0
-0.554979 -0.945897 0
0.9258 -0.776825 0
-0.097135 0.388837 0
-0.829659 0.968007 0
0.906581 -0.45378 0
-0.322063 -0.988752 0
-0.152256 0.0993752 0
0.681827 0.464367 0
0.181004 0.438194 0
0.852892 -0.453396 0
0.830531 0.938707 0
-0.488477 0.859908 0
-0.120535 0.605255 0
0.436292 -0.873818 0
-0.702122 0.944444 0
-0.456578 -0.332356 0
-0.233343 0.226336 0
-0.965725 0.654384 0
-0.978848 0.403434 0
0.678893 -0.0916601 0
0.286505 0.171859 0
0.319648 0.10656 0
0.848724 0.691156 0
-0.555479 0.0923741 0
-0.901955 -0.525291 0
-0.839244 0.61516 0
0.976473 -0.891889 0
0.00210655 0.662215 0
0.391696 0.748614 0
-0.854185 0.479 0
0.801967 -0.379294 0
-0.342901 0.425074 0
-0.486275 0.742013 0
0.779212 -0.54952 0
-0.131406 -0.757514 0
0.692491 0.269705 0
0.154144 -0.694167 0
0.969776 -0.251177 0
-0.74852 -0.855277 0
-0.036334 0.727025 0
-0.702439 0.377717 0
0.890713 0.993648 0
0.204537 0.0489091 0
-0.95534 0.0413762 0
0.826444 0.23693 0
-0.968338 -0.12636 0
-0.349121 0.854931 0
0.217657 0.422472 0
-0.217755 0.00183165 0
0.412985 0.908095 0
0.69915 0.941965 0
-0.483997 -0.188279 0
0.668723 0.601448 0
-0.44041 -0.494043 0
-0.844079 -0.746972 0
0.129702 -0.324144 0
-0.716761 -0.507734 0
0.885406 -0.174513 0
0.341525 0.97156 0
0.902705 0.468215 0
0.697379 -0.441572 0
0.382392 0.55874 0
0.684224 0.0626484 0
-0.83777 0.135758 0
0.436517 -0.254767 0
-0.577065 -0.378261 0
-0.240356 0.38777 0
0.502559 0.884685 0
-0.761504 -0.584335 0
0.81408 -0.405058 0
0.0710748 -0.0226981 0
0.757829 -0.568821 0
0.549292 0.615096 0
0.385657 -0.443416 0
0.30081 -0.502783 0
0.524254 -0.228595 0
0.622092 -0.0478321 0
0.276839 0.369485 0
0.0190917 -0.45343 0
-0.343653 -0.541614 0
-0.708185 0.300632 0
-0.5685 -0.305603 0
-0.337234 -0.522414 0
0.0654854 0.530715 0
0.100838 -0.967666 0
-0.953103 -0.0597897 0
-0.951343 -0.936241 0
-0.474857 -0.990505 0
-0.59752 -0.848657 0
-0.276477 -0.566612 0
-0.167848 0.687083 0
-0.76601 0.330529 0
0.820578 -0.0983576 0
0.184113 -0.619792 0
0.828366 -0.358241 0
-0.591119 -0.390637 0
-0.365046 0.853866 0
0.48881 -0.979331 0
0.377682 0.840151 0
-0.54957 -0.249474 0
-0.893099 -0.170963 0
0.371626 0.836023 0
0.842896 0.803032 0
-0.376628 0.586111 0
0.0975066 -0.978054 0
-0.272167 0.913594 0
0.036979 0.354342 0
0.607765 -0.672453 0
-0.417284 0.224959 0
0.714887 0.406205 0
0.667335 0.795436 0
-0.318074 -0.59629 0
-0.101631 -0.953092 0
-0.370019 0.78259 0
0.510667 0.380294 0
-0.890722 -0.327772 0
0.0317144 -0.501373 0
-0.476926 -0.145199 0
0.268751 0.504134 0
0.000863433 0.372839 0
-0.111451 -0.179942 0
0.488386 0.896778 0
-0.448304 -0.296165 0
0.710649 -0.187102 0
0.731255 0.185395 0
0.0925882 -0.220432 0
-0.415952 -0.464578 0
0.132827 0.679201 0
-0.147479 0.198823 0
-0.723638 0.697803 0
-0.38333 0.0534041 0
-0.945827 -0.72835 0
0.0744051 -0.0305641 0
0.607773 -0.978816 0
0.826083 0.437138 0
-0.681997 0.247623 0
0.797479 -0.351362 0
-0.272849 -0.0241306 0
-0.752632 0.839678 0
0.972152 0.591999 0
0.368978 0.389834 0
-0.468562 -0.27495 0
0.418932 -0.916073 0
-0.0855092 0.155173 0
0.896655 0.503693 0
-0.500201 -0.262127 0
0.934801 -0.151606 0
0.721746 0.470374 0
0.706499 -0.286541 0
0.175215 0.164523 0
-0.967587 0.553565 0
-0.291707 -0.978969 0
0.826252 0.621825 0
0.464747 -0.354776 0
-0.779936 0.116731 0
-0.423037 0.74928 0
-0.324254 -0.468432 0
0.920367 -0.372321 0
-0.583104 -0.60206 0
0.874629 -0.554978 0
0.496199 0.969853 0
-0.145874 -0.821245 0
0.385847 -0.640317 0
0.0845046 -0.362642 0
0.758383 0.772773 0
0.806633 0.333988 0
0.0165364 0.295041 0
-0.174133 0.658509 0
-0.207414 -0.266702 0
0.745521 0.780823 0
0.748019 0.581958 0
0.4026 0.557167 0
-0.44261 -0.345213 0
-0.582986 0.700013 0
0.742645 0.733663 0
0.281566 -0.197018 0
0.603933 -0.77069 0
0.511985 0.252722 0
0.608902 -0.0434297 0
-0.879653 -0.292268 0
0.209513 0.674396 0
-0.715467 -0.0837667 0
0.334678 -0.783725 0
0.785474 0.546515 0
-0.439737 0.130802 0
0.13661 0.0138577 0
-0.123904 0.0316074 0
-0.265163 0.0518038 0
0.516335 0.0500153 0
-0.350831 -0.964684 0
0.0841603 -0.952669 0
-0.371235 -0.413285 0
-0.42304 0.560952 0
-0.0626078 -0.55428 0
-0.54355 -0.276935 0
0.747166 0.564079 0
-0.370448 0.896909 0
-0.271082 0.151546 0
-0.739231 0.123195 0
0.859506 0.0507758 0
-0.144534 0.844519 0
-0.579132 -0.459546 0
0.174004 -0.82165 0
0.27432 -0.406473 0
-0.556529 -0.905662 0
-0.0645071 0.392326 0
-0.795053 -0.946607 0
-0.143891 -0.050647 0
0.457627 0.530417 0
-0.183948 0.912785 0
0.593866 -0.585459 0
0.708728 0.815845 0
0.957236 -0.716253 0
-0.915394 0.710892 0
-0.322238 0.373887 0
-0.545128 -0.563566 0
-0.804948 -0.149007 0
-0.930495 -0.421977 0
-0.141871 0.485209 0
0.482022 0.100177 0
0.068593 0.370035 0
0.664078 -0.903621 0
-0.601447 -0.0312122 0
0.885895 0.808137 0
-0.958091 -0.329961 0
0.427591 0.543417 0
-0.225164 0.071018 0
0.44554 -0.118978 0
0.143658 -0.537585 0
0.278326 -0.885705 0
-0.481262 -0.853818 0
-0.316306 -0.94113 0
-0.521087 -0.348629 0
-0.673009 -0.646404 0
0.234683 0.0646875 0
-0.88673 0.955543 0
0.523142 0.0730135 0
-0.358656 -0.795549 0
0.642976 0.749699 0
-0.591356 0.154401 0
0.3387 0.606067 0
0.19919 -0.653841 0
0.135774 0.464399 0
-0.674497 -0.363113 0
0.973907 -0.871312 0
-0.4508 0.713187 0
-0.183417 0.903744 0
-0.0579319 0.547635 0
-0.0121399 0.405827 0
-0.484262 -0.202942 0
-0.400521 -0.268056 0
-0.512121 -0.502512 0
-0.62543 0.728853 0
-0.949343 0.0380013 0
-0.910502 0.834295 0
0.584645 0.377039 0
-0.224797 -0.193991 0
0.538497 -0.0834377 0
-0.457079 0.808668 0
-0.449201 -0.0119185 0
0.717987 0.637442 0
-0.273224 0.480688 0
-0.372327 0.83054 0
-0.921222 0.686567 0
-0.949902 -0.907953 0
-0.99292 0.353053 0
0.259599 -0.56126 0
-0.498123 -0.249344 0
-0.0208186 -0.801122 0
0.701375 -0.931763 0
0.940323 -0.0300308 0
0.0112059 0.99366 0
-0.270462 -0.81073 0
0.577328 0.36619 0
-0.858782 0.440899 0
0.0991405 0.883136 0
0.537953 -0.999094 0
-0.326197 -0.474424 0
0.524875 0.491198 0
0.36723 0.635445 0
-0.252066 -0.121493 0
-0.000896394 0.223235 0
-0.939435 0.317089 0
0.691735 0.154621 0
0.695583 -0.448519 0
-0.5917 -0.674433 0
-0.145595 0.386627 0
0.775339 -0.394099 0
0.740076 0.692298 0
0.64885 -0.764418 0
-0.926566 -0.64274 0
0.678732 0.640537 0
-0.652825 -0.639407 0
0.480677 -0.418289 0
0.78205 -0.615299 0
0.825229 0.633811 0
0.646302 0.00124514 0
-0.727329 0.739235 0
0.79934 0.0452554 0
-0.0213372 0.253981 0
-0.239839 0.240653 0
-0.288723 -0.267677 0
0.475616 -0.607255 0
-0.826241 0.374922 0
-0.193021 -0.296344 0
-0.169661 -0.149446 0
0.600663 0.747865 0
-0.562288 0.446079 0
-0.684931 0.310602 0
0.438996 0.643457 0
-0.0884922 -0.566321 0
-0.740903 -0.618718 0
-0.812035 -0.22655 0
-0.817524 0.971179 0
0.76464 -0.950238 0
0.011511 0.309226 0
0.00297928 -0.339641 0
-0.983617 0.988472 0
0.413596 -0.496444 0
-0.614439 0.346138 0
-0.263159 -0.109672 0
0.0622789 -0.716687 0
-0.262845 0.345137 0
0.879265 0.993052 0
0.434034 0.663002 0
-0.00758582 -0.588655 0
-0.775751 0.524689 0
-0.238464 -0.288548 0
0.743627 -0.0551803 0
-0.891529 -0.407234 0
0.799503 -0.664357 0
-0.0530677 0.5574 0
0.868132 0.648854 0
0.5045 0.854945 0
0.244844 0.0766212 0
-0.275269 -0.784414 0
0.478153 0.0651222 0
-0.907219 -0.725561 0
0.41673 0.0217482 0
-0.950096 0.976088 0
-0.364897 -0.014008 0
0.726695 -0.221282 0
0.718393 0.625456 0
0.953727 -0.251629 0
-0.297793 -0.48532 0
-0.226795 -0.574101 0
-0.722211 0.479257 0
-0.413236 0.870761 0
0.987047 -0.159973 0
0.927303 -0.873057 0
-0.503697 -0.0246877 0
-0.203757 0.869262 0
0.340935 -0.515766 0
-0.209501 -0.251076 0
-0.978501 0.875238 0
-0.66192 0.157704 0
-0.803242 -0.835528 0
-0.424118 -0.0947534 0
0.684392 -0.804457 0
-0.223736 0.559135 0
-0.691484 -0.763976 0
0.462311 0.556807 0
-0.648471 -0.00550342 0
-0.621379 -0.868831 0
-0.161714 -0.604557 0
0.75273 -0.291239 0
0.766643 0.333695 0
-0.257557 -0.744782 0
-0.275475 0.468121 0
-0.928937 -0.0353572 0
-0.227243 -0.959916 0
0.764628 0.073146 0
0.431238 0.188101 0
0.300628 0.221288 0
0.810142 -0.479058 0
-0.688451 -0.0481048 0
-0.244805 0.821407 0
0.0285978 0.99228 0
-0.547016 0.234125 0
0.183529 -0.753162 0
0.455272 -0.197196 0
-0.892485 0.000865936 0
0.867747 0.348372 0
0.524282 -0.382802 0
0.0625244 0.669303 0
0.128365 0.688378 0
0.82776 -0.53555 0
0.0482303 -0.0993161 0
-0.0706364 0.343393 0
0.939945 0.872321 0
-0.357426 0.821747 0
-0.787837 0.0708693 0
-0.650857 0.230461 0
0.687443 -0.0353022 0
0.770179 -0.258113 0
-0.869827 0.363168 0
0.720941 0.935089 0
0.137895 0.560971 0
0.612116 0.834046 0
-0.074461 0.210459 0
0.967043 0.0866501 0
0.485654 -0.804692 0
0.591809 0.814801 0
0.57118 0.580688 0
-0.484337 0.943758 0
-0.463508 -0.889088 0
0.89896 0.341774 0
0.353532 -0.928771 0
-0.595107 0.47782 0
-0.298992 -0.75255 0
-0.708045 -0.908708 0
0.787929 -0.512523 0
-0.679422 0.444009 0
-0.952589 0.283879 0
0.180563 -0.406784 0
0.890278 0.183172 0
0.964186 -0.188463 0
-0.589741 -0.979198 0
-0.0137126 -0.621604 0
-0.872857 -0.749128 0
0.780163 -0.21252 0
0.945568 -0.229452 0
-0.176032 0.594025 0
-0.810117 -0.698978 0
0.00729883 0.988889 0
0.496759 -0.498623 0
-0.799985 0.876463 0
0.253101 0.409918 0
-0.917153 -0.465136 0
-0.54378 -0.324455 0
-0.908236 0.951021 0
-0.677471 0.765414 0
-0.623112 0.0962924 0
0.454371 0.177697 0
0.26079 0.993426 0
0.370374 0.838269 0
0.657033 -0.546386 0
-0.655246 0.880759 0
0.702886 0.115266 0
-0.730864 0.517286 0
0.348436 0.465009 0
0.858221 0.491935 0
0.0187936 -0.0649673 0
0.623548 -0.066231 0
0.315431 0.0657816 0
0.690041 0.97039 0
0.0438434 -0.236019 0
0.00607336 0.626954 0
-0.582536 0.0818057 0
-0.589421 -0.565832 0
0.764894 -0.407558 0
0.917416 0.503279 0
-0.00888622 -0.239355 0
0.906958 -0.41291 0
-0.794525 0.0413517 0
-0.419001 -0.614318 0
-0.821243 0.807026 0
-0.438351 0.004287 0
0.0717708 0.550811 0
0.958662 -0.374394 0
0.124347 -0.570425 0
0.719475 0.0963529 0
0.336675 -0.643122 0
0.112219 0.660178 0
-0.567291 -0.57405 0
0.844216 0.899242 0
0.324645 0.936203 0
0.43608 0.223418 0
0.269672 -0.0486888 0
0.751092 -0.600374 0
0.107347 -0.884131 0
-0.451988 0.98309 0
0.600629 -0.0795648 0
0.572741 -0.176333 0
-0.711201 0.0149082 0
-0.111475 -0.158571 0
-0.547642 -0.121819 0
0.271737 0.515012 0
0.48519 -0.170253 0
0.412326 -0.144495 0
0.376939 0.661028 0
-0.84087 0.97374 0
0.134647 -0.688634 0
0.419632 -0.97933 0
-0.397472 0.626261 0
-0.813749 -0.581068 0
0.540808 0.291972 0
0.345887 -0.762013 0
-0.942605 0.168399 0
0.413973 0.264817 0
