0.582128 0.873196 0
-0.510448 0.954761 0
-0.346753 0.377947 0
0.724157 0.855843 0
-0.710812 0.215005 0
0.444852 0.914831 0
0.449339 0.239459 0
-0.789952 -0.5344 0
-0.425774 0.400553 0
0.543639 -0.738805 0
-0.732075 -0.505477 0
-0.0370788 -0.410194 0
0.79436 -0.285616 0
0.939966 -0.654199 0
0.0178317 -0.448028 0
-0.974346 0.435016 0
-0.625765 -0.0749027 0
0.213609 0.762222 0
-0.795334 -0.587903 0
-0.375192 -0.749405 0
-0.10494 -0.61724 0
0.318558 -0.952035 0
-0.52192 -0.270465 0
-0.140606 0.553895 0
-0.658936 0.392696 0
0.0927004 0.0322193 0
0.869064 -0.529577 0
-0.106064 0.572952 0
-0.337533 0.597762 0
0.343609 0.179633 0
0.664918 -0.030941 0
0.583314 0.958347 0
-0.473293 0.249497 0
-0.0516508 -0.179489 0
-0.556861 0.638413 0
0.250015 -0.687371 0
0.426205 -0.802604 0
-0.283192 -0.237502 0
-0.434308 0.0552502 0
0.0865505 -0.494413 0
-0.683843 0.826796 0
-0.947723 -0.568918 0
-0.275914 -0.916149 0
-0.272081 0.980836 0
0.991117 -0.437789 0
0.721632 0.774385 0
-0.955704 -0.940153 0
0.703201 0.625126 0
-0.568366 -0.622566 0
-0.124989 0.958964 0
0.390604 -0.0280952 0
-0.144356 0.446367 0
0.0681342 -0.135796 0
0.551443 -0.172695 0
0.572894 0.194529 0
-0.478738 0.0443168 0
-0.314744 -0.758729 0
0.283661 0.783697 0
0.749746 -0.965283 0
0.820754 0.992675 0
-0.343343 0.687576 0
0.0914084 0.63984 0
0.57017 0.0070132 0
0.29214 0.536703 0
0.654927 -0.126065 0
-0.390899 0.782576 0
0.242354 -0.48533 0
-0.416522 0.200131 0
0.660922 -0.397154 0
-0.409715 -0.736561 0
-0.829062 0.880383 0
0.00148296 -0.329157 0
0.386403 -0.0204851 0
0.213659 0.431146 0
-0.747706 0.322657 0
0.18548 0.294694 0
0.31049 0.382656 0
0.883764 0.128105 0
-0.625847 0.287706 0
-0.190785 0.126001 0
0.463829 -0.961054 0
0.344921 0.365855 0
-0.238005 0.460808 0
0.130557 -0.885018 0
-0.332581 -0.829038 0
-0.196979 0.646163 0
0.953809 0.333061 0
-0.545352 0.273387 0
-0.517415 0.0877365 0
0.585969 -0.823152 0
0.976804 0.101445 0
0.971087 -0.749851 0
-0.644461 0.626624 0
0.991911 0.90591 0
0.490119 0.138514 0
0.0616666 -0.761679 0
0.962844 -0.375126 0
-0.769434 0.516635 0
0.740219 -0.684923 0
0.911453 0.829151 0
-0.244821 -0.465064 0
0.164687 -0.986467 0
-0.10384 0.84894 0
0.832624 -0.593187 0
-0.523394 -0.796613 0
0.920929 -0.322024 0
0.771373 -0.963524 0
0.982564 -0.145617 0
0.42007 0.914537 0
0.189708 0.430975 0
0.154692 0.789945 0
0.294062 -0.683265 0
0.256061 -0.882472 0
-0.844485 -0.181483 0
-0.0104263 0.454106 0
-0.0353233 -0.99133 0
0.294427 -0.919431 0
-0.803495 -0.203894 0
0.291384 0.343988 0
0.993849 0.142418 0
0.557057 0.0407526 0
0.744537 -0.167495 0
0.998501 0.624142 0
0.112237 -0.013683 0
0.846231 -0.858507 0
-0.709761 -0.0388781 0
0.30541 -0.157116 0
0.319656 -0.30303 0
-0.973721 -0.689101 0
-0.72888 0.338622 0
0.351094 -0.534144 0
-0.373965 -0.976007 0
-0.314908 -0.457299 0
0.664187 -0.967081 0
0.603437 -0.317756 0
-0.727474 0.857179 0
-0.368576 -0.520271 0
0.394755 -0.0869944 0
-0.122389 0.926243 0
-0.378244 0.197256 0
0.71168 0.386254 0
-0.25711 -0.773172 0
0.354388 0.427777 0
0.990734 0.44765 0
0.920544 0.285371 0
0.139805 -0.354927 0
-0.92347 -0.407046 0
0.384084 0.938281 0
0.0933136 0.792204 0
-0.556934 0.964869 0
0.846082 0.676349 0
-0.11253 0.896294 0
-0.587963 -0.85991 0
-0.940279 -0.323857 0
0.515099 0.354774 0
0.0545511 -0.219849 0
-0.458697 -0.407353 0
0.875706 -0.909702 0
0.112873 -0.635689 0
-0.763966 0.399379 0
0.338206 -0.321004 0
0.0336962 0.643133 0
-0.580071 -0.71299 0
0.362683 0.663364 0
0.144071 -0.146935 0
-0.551327 0.0508238 0
0.839812 0.0946388 0
-0.0507181 0.724133 0
-0.347068 -0.45832 0
0.79103 0.235621 0
0.0560302 0.935341 0
-0.778939 0.840703 0
-0.405392 0.769308 0
0.711332 -0.997487 0
-0.0980905 0.869929 0
0.678719 -0.353107 0
0.714728 -0.0570881 0
-0.105564 0.378063 0
-0.606132 0.619749 0
-0.0805238 0.121126 0
0.414003 -0.391437 0
-0.0942529 -0.601463 0
0.214911 -0.810919 0
-0.870863 0.752541 0
-0.0640332 -0.272261 0
0.0839077 -0.340187 0
-0.486032 -0.741749 0
-0.0916178 -0.885146 0
0.466508 0.838661 0
0.572863 -0.636026 0
-0.910506 0.015905 0
-0.863023 -0.202816 0
0.636823 0.130852 0
-0.677452 0.0386415 0
0.76068 -0.133905 0
-0.334932 -0.420801 0
-0.0103248 0.0159132 0
-0.126124 -0.688874 0
-0.860342 0.787308 0
-0.180262 0.53511 0
-0.807458 0.157068 0
-0.624346 -0.350217 0
0.959285 -0.627 0
0.469584 -0.935979 0
-0.160309 0.557849 0
0.280802 -0.276737 0
0.110075 -0.383174 0
-0.75738 0.115587 0
-0.574504 0.57643 0
-0.941026 0.296148 0
-0.599827 0.538126 0
0.475339 0.663883 0
-0.0726327 0.576613 0
-0.62105 -0.0940918 0
-0.217034 -0.830867 0
0.619632 0.325286 0
0.820867 -0.324023 0
-0.208699 0.358556 0
-0.750156 0.789206 0
-0.142411 0.934918 0
-0.291225 -0.998714 0
-0.985953 0.154191 0
0.0190687 0.171901 0
0.258206 -0.25109 0
0.970574 -0.293568 0
0.991259 0.112982 0
0.915072 -0.156975 0
-0.246743 -0.978764 0
-0.820409 0.184634 0
-0.428713 0.496805 0
0.385116 -0.276316 0
0.489496 0.338361 0
0.321901 -0.400574 0
0.708477 0.101741 0
0.296576 0.458908 0
0.751669 -0.480529 0
0.857044 -0.885386 0
-0.987775 0.901952 0
-0.995149 0.273917 0
0.21403 -0.470455 0
0.182042 -0.717448 0
0.844267 -0.244011 0
0.19304 -0.579009 0
0.822445 0.478836 0
-0.765164 0.103037 0
0.217416 -0.128144 0
0.290066 -0.587376 0
-0.766069 -0.267565 0
0.297982 -0.343995 0
0.166128 -0.840707 0
0.704172 -0.731994 0
-0.533638 0.0593886 0
0.99178 0.337085 0
-0.800775 -0.47137 0
0.195105 -0.655429 0
0.570235 0.447863 0
0.873117 -0.683488 0
-0.890354 0.493232 0
0.604538 -0.700329 0
-0.538081 0.121987 0
-0.453516 -0.972052 0
0.113717 -0.190498 0
0.15341 0.371176 0
0.799708 -0.3229 0
0.584432 -0.620866 0
-0.834183 -0.954848 0
-0.21801 0.123291 0
0.101453 0.213387 0
-0.998195 0.782639 0
0.544417 0.0359651 0
0.159112 -0.0631817 0
0.160736 -0.348843 0
-0.278379 -0.75149 0
-0.321407 -0.462074 0
0.40519 0.341091 0
-0.352886 0.572275 0
-0.346508 0.162749 0
0.0228783 0.306679 0
-0.99067 0.617359 0
0.454784 -0.0542799 0
-0.496123 -0.371634 0
-0.565246 0.0188675 0
0.916545 0.498245 0
0.545551 0.096386 0
0.457989 -0.328242 0
-0.819151 -0.164323 0
0.117282 -0.108119 0
0.596638 -0.35553 0
0.551431 -0.303214 0
0.259487 0.338466 0
0.0480663 0.804774 0
-0.00122356 0.865965 0
-0.996067 -0.993391 0
-0.691151 -0.519065 0
-0.296159 0.193045 0
-0.889407 0.175506 0
0.606324 -0.978102 0
0.187387 0.530715 0
0.113191 0.0951133 0
0.561256 -0.332007 0
-0.483958 -0.0610027 0
-0.912395 -0.304298 0
0.955074 -0.828398 0
-0.0144818 -0.477913 0
-0.711152 0.827756 0
-0.486256 -0.932957 0
0.821256 -0.764089 0
-0.910465 -0.486785 0
0.875067 0.539783 0
-0.440808 0.725135 0
-0.0116069 -0.557711 0
0.496757 0.291742 0
-0.717207 0.817626 0
-0.107132 0.0191869 0
0.890512 0.654093 0
0.81392 0.45741 0
-0.737076 0.552029 0
-0.617512 -0.943046 0
-0.631255 0.753054 0
-0.960492 0.897485 0
-0.707277 -0.703343 0
-0.869023 0.262299 0
-0.0639967 -0.447141 0
-0.633114 0.48468 0
0.00187266 0.382444 0
-0.222097 0.528342 0
-0.612443 -0.831208 0
0.223724 -0.664738 0
-0.820627 0.587399 0
-0.553871 -0.669864 0
0.831719 0.626288 0
0.0378789 -0.0098452 0
0.0692105 0.918416 0
-0.525908 -0.422319 0
-0.426651 -0.29726 0
-0.47376 -0.427182 0
0.105716 -0.443147 0
-0.983317 -0.367513 0
0.349136 0.43734 0
-0.719467 -0.708829 0
0.709387 0.597893 0
-0.692153 0.673453 0
-0.0704737 -0.926726 0
-0.403811 -0.876945 0
0.343083 0.710819 0
0.557465 -0.844891 0
0.375387 -0.643731 0
0.263706 -0.598957 0
-0.585215 0.885084 0
-0.627234 -0.478367 0
-0.209738 -0.253289 0
0.91453 -0.0520519 0
0.427608 -0.142608 0
0.0988272 0.662877 0
0.908565 -0.0736184 0
-0.0556077 0.690492 0
0.260423 -0.266699 0
-0.0515895 -0.455255 0
0.52133 0.730042 0
-0.980201 -0.93842 0
-0.754747 0.445397 0
-0.388771 -0.580313 0
-0.452208 0.836389 0
-0.890951 -0.884685 0
-0.597617 -0.200655 0
-0.525968 0.471275 0
-0.48743 0.685093 0
-0.69985 -0.0488261 0
-0.132324 -0.678817 0
-0.634939 0.196718 0
-0.348497 0.567567 0
0.104856 0.647363 0
0.66101 -0.343604 0
-0.0429712 0.964222 0
0.762309 0.421169 0
0.891595 0.156109 0
0.726277 -0.871115 0
-0.318819 -0.59102 0
-0.613821 -0.190281 0
-0.0822407 0.990611 0
-0.201885 0.442606 0
0.216866 -0.879055 0
0.155888 0.968456 0
-0.149545 0.146762 0
0.168405 0.685176 0
0.401541 0.93962 0
-0.461246 0.242366 0
0.0239431 0.517413 0
0.774307 0.903995 0
0.874922 0.0607966 0
0.901074 0.992101 0
-0.373188 -0.285712 0
-0.509754 0.458324 0
0.684983 -0.485602 0
0.0128337 -0.753086 0
-0.779043 -0.586979 0
-0.194893 0.700844 0
0.883142 0.739469 0
-0.736184 0.974552 0
-0.155259 0.383707 0
0.250288 0.922503 0
0.984193 -0.535581 0
-0.432162 0.603355 0
0.0274447 0.340632 0
0.629327 -0.26243 0
-0.0700426 -0.283023 0
-0.878022 0.141063 0
0.00366712 -0.70664 0
-0.691627 -0.814579 0
-0.695469 -0.546733 0
-0.651796 -0.436818 0
0.431154 0.621616 0
-0.224829 -0.379845 0
-0.173791 -0.829108 0
0.933531 -0.38782 0
-0.58766 -0.434309 0
0.804663 0.628585 0
0.232439 -0.0372254 0
-0.561875 -0.211773 0
-0.30278 0.552396 0
-0.768817 0.223459 0
-0.0385194 -0.382333 0
0.536521 0.240492 0
-0.641063 0.371775 0
0.310344 0.685979 0
0.121611 -0.997558 0
-0.36697 0.913852 0
-0.132187 -0.135721 0
-0.0537847 -0.182782 0
0.946193 -0.88824 0
-0.486526 -0.297445 0
0.478666 0.934984 0
0.280519 -0.369424 0
0.268112 -0.391322 0
-0.759642 -0.337737 0
-0.846909 0.417257 0
0.428324 0.214313 0
-0.0742131 -0.833292 0
-0.184057 0.722825 0
-0.516153 0.693245 0
-0.40875 0.854065 0
0.194686 0.066923 0
-0.33599 0.295126 0
0.031391 -0.382451 0
-0.362626 -0.293144 0
-0.100705 -0.617737 0
0.359667 0.966419 0
-0.0204939 0.14898 0
0.20691 0.55645 0
0.343355 0.661947 0
0.376491 0.0277119 0
0.659211 0.822665 0
-0.933905 0.665421 0
-0.200836 -0.341636 0
0.133387 -0.343672 0
0.295524 0.7452 0
-0.941709 0.818641 0
0.672561 0.0246297 0
0.352352 -0.748993 0
-0.584172 0.857461 0
-0.627527 -0.960407 0
-0.902191 -0.185856 0
0.481795 -0.333143 0
0.957588 0.898884 0
0.322231 -0.661998 0
-0.76124 0.21323 0
-0.921143 0.32098 0
-0.407574 0.705926 0
-0.88248 -0.420153 0
-0.0109974 0.288723 0
0.793959 -0.831152 0
-0.573117 -0.494301 0
-0.612179 -0.471986 0
0.0898466 -0.30298 0
0.501885 -0.69072 0
-0.116906 0.964722 0
0.804385 0.388278 0
0.45672 0.00598311 0
0.48126 -0.0167702 0
-0.0762962 0.569947 0
-0.768765 -0.276997 0
-0.845031 -0.149035 0
0.619462 -0.589015 0
0.0393971 -0.908486 0
-0.388621 -0.00472605 0
0.354051 0.728159 0
0.321949 -0.268179 0
0.110752 0.265963 0
-0.20747 0.738469 0
-0.151514 -0.864148 0
-0.801697 -0.128464 0
0.707114 0.586809 0
0.786762 -0.930592 0
0.783615 -0.71463 0
0.934546 0.723421 0
-0.897968 0.0685471 0
-0.260888 -0.514236 0
0.539694 0.17643 0
-0.865161 -0.642311 0
0.113138 0.877943 0
0.0855167 0.592243 0
-0.0346826 0.265975 0
-0.926408 0.38696 0
0.0660206 -0.903417 0
-0.0616169 0.628213 0
-0.644266 -0.194648 0
-0.756658 -0.814234 0
-0.258923 -0.842146 0
0.138136 -0.0634977 0
0.929373 0.833214 0
0.118083 -0.987091 0
0.211383 -0.931599 0
-0.836928 0.345336 0
0.116283 0.944405 0
0.865544 -0.260794 0
-0.177126 0.955846 0
0.168539 0.606514 0
-0.182527 -0.0859104 0
0.672971 0.71833 0
0.659274 -0.156879 0
-0.933161 0.571432 0
0.406518 0.0375971 0
0.0393264 -0.545708 0
0.142247 -0.198368 0
-0.547153 0.207562 0
0.400583 0.773457 0
-0.297195 0.257017 0
0.5503 -0.707136 0
0.345804 -0.0133253 0
-0.660404 0.638737 0
0.481571 0.671293 0
0.837975 0.0137464 0
-0.767753 -0.00336277 0
0.967079 -0.519428 0
0.100684 0.855913 0
0.760409 -0.303159 0
-0.108924 -0.921484 0
0.554674 0.335727 0
0.864523 -0.253527 0
0.0951649 -0.39711 0
-0.75733 -0.340499 0
0.852434 -0.995673 0
-0.306018 0.576547 0
-0.565537 0.593986 0
0.613889 -0.0260276 0
0.939407 -0.294227 0
-0.750052 -0.662512 0
0.053002 -0.115837 0
0.502312 0.325495 0
-0.343471 0.460161 0
0.707574 -0.997778 0
0.804934 0.169986 0
-0.791433 -0.911457 0
0.278414 0.331459 0
0.695922 -0.810369 0
-0.850726 -0.0486743 0
0.54083 -0.390258 0
-0.971071 -0.581978 0
0.262629 0.140697 0
0.873659 -0.282523 0
0.71127 0.107833 0
-0.196795 -0.581512 0
0.990009 0.138769 0
0.308742 -0.628419 0
0.312261 0.217898 0
-0.602544 -0.804155 0
0.748285 -0.91712 0
-0.338163 0.567054 0
-0.469452 -0.0784666 0
-0.283996 0.0749363 0
0.128833 0.862323 0
-0.401685 -0.52534 0
0.164509 -0.631884 0
0.803084 -0.132691 0
0.555115 0.312296 0
-0.251119 0.33401 0
0.349346 -0.324143 0
0.431561 -0.360462 0
0.839755 0.48431 0
0.195362 0.0889268 0
-0.210317 0.104275 0
0.275189 -0.357571 0
0.735941 0.443189 0
0.664624 0.592316 0
0.354449 -0.780469 0
0.272371 -0.801118 0
0.393124 0.745775 0
0.606619 -0.667978 0
-0.530831 0.139225 0
-0.0699396 0.948724 0
-0.194136 -0.359785 0
-0.150872 -0.693966 0
-0.48345 -0.246495 0
0.54299 0.430472 0
-0.556516 -0.801054 0
0.015458 0.00607502 0
-0.842983 0.0725969 0
-0.580824 -0.339368 0
0.477441 0.272574 0
0.371658 -0.161214 0
-0.865229 -0.0375921 0
-0.72989 0.602292 0
0.24732 -0.787374 0
0.134696 0.312861 0
-0.467837 0.254774 0
0.573031 0.869885 0
-0.165501 0.999131 0
-0.277856 0.592092 0
-0.654324 -0.825046 0
-0.0611387 -0.14887 0
0.684757 -0.664101 0
-0.262834 0.27097 0
0.167838 -0.823587 0
-0.993554 0.770517 0
-0.402873 -0.52158 0
-0.331771 0.833367 0
0.731691 -0.0720536 0
-0.406275 -0.00972152 0
0.774223 -0.169913 0
-0.783805 -0.0901716 0
0.648154 0.734488 0
-0.254203 0.0547762 0
0.147865 0.286767 0
-0.357059 -0.344175 0
-0.0971219 -0.567948 0
0.128071 0.211117 0
-0.170786 -0.410601 0
-0.229941 0.113582 0
0.915945 0.488644 0
0.0652298 -0.194187 0
0.3161 -0.611371 0
0.745896 0.300242 0
-0.454684 -0.843373 0
-0.859445 0.296703 0
0.708538 -0.942104 0
0.717469 0.4091 0
0.248857 -0.768891 0
0.526811 -0.446806 0
-0.120289 0.783895 0
-0.167237 0.743713 0
-0.559546 0.946173 0
0.461986 -0.670447 0
-0.368882 -0.563447 0
0.607053 0.505225 0
-0.580978 0.602379 0
0.0269693 -0.640934 0
-0.521404 0.456405 0
-0.396153 0.896361 0
-0.684075 -0.478787 0
0.279912 0.534287 0
-0.796551 -0.122994 0
0.895087 0.570943 0
0.540771 0.220877 0
-0.604323 0.738259 0
0.711657 -0.74113 0
0.516753 -0.322802 0
0.759397 0.902639 0
-0.396761 0.00375688 0
0.92324 -0.702287 0
-0.788061 0.784984 0
0.64917 0.536368 0
-0.733629 -0.0770183 0
-0.477829 -0.293952 0
0.642646 -0.666141 0
0.790415 0.939079 0
0.0304497 -0.0986773 0
0.545711 0.540908 0
0.706561 -0.210822 0
-0.0765988 -0.390462 0
0.56205 -0.113204 0
-0.0849562 -0.253583 0
-0.690992 -0.403118 0
-0.42694 -0.465943 0
-0.712656 -0.726932 0
0.214416 0.334546 0
0.17037 0.738016 0
0.0508794 -0.44006 0
0.752889 -0.0741661 0
-0.850133 0.682283 0
-0.770736 0.735984 0
-0.155918 -0.689887 0
0.885344 0.225275 0
0.107282 -0.720439 0
0.958218 -0.94668 0
-0.95716 0.795314 0
-0.605101 -0.530296 0
-0.0642635 0.0220406 0
-0.111393 -0.368772 0
0.258359 0.00385404 0
-0.162755 0.389351 0
-0.774602 0.811971 0
0.910532 -0.206492 0
0.778984 0.286238 0
0.635019 0.155857 0
-0.506165 0.191196 0
0.440946 0.130552 0
0.451168 -0.569201 0
-0.0707297 -0.747889 0
-0.810824 0.189943 0
-0.228529 0.899489 0
-0.231363 -0.320808 0
0.223414 -0.920027 0
0.163845 0.763945 0
0.0641671 0.800707 0
0.659775 0.588129 0
-0.820577 0.268124 0
-0.397249 0.448742 0
0.241015 0.446433 0
0.728347 -0.411004 0
0.0867343 -0.842352 0
-0.581483 0.873254 0
-0.369976 -0.338332 0
-0.658457 0.0128317 0
-0.675629 0.441725 0
-0.17813 -0.105506 0
-0.142814 -0.0165764 0
0.913868 -0.899027 0
-0.464564 0.467983 0
0.47105 0.16733 0
-0.60057 0.0425973 0
0.269638 0.462422 0
-0.569487 -0.236466 0
-0.960753 -0.50396 0
-0.057233 0.368508 0
-0.158118 -0.361521 0
-0.203159 0.194308 0
0.914712 -0.862541 0
0.491224 0.253437 0
-0.528653 0.514689 0
-0.219477 -0.325942 0
0.04752 -0.405163 0
0.248356 -0.797554 0
-0.146303 -0.0471794 0
0.571582 -0.922589 0
-0.533066 0.508884 0
0.740273 -0.726928 0
-0.638424 -0.156528 0
-0.0182073 0.230471 0
-0.106062 0.556563 0
0.914507 0.965397 0
-0.663918 0.653372 0
0.987905 0.448686 0
-0.140437 0.487818 0
0.17865 -0.985422 0
-0.794652 -0.242589 0
-0.360782 -0.0966278 0
-0.173331 0.461544 0
0.938205 -0.251547 0
0.0464779 -0.496559 0
0.454164 0.172157 0
0.897587 0.576486 0
-0.0945076 -0.677376 0
-0.985375 0.311394 0
-0.862512 -0.0436078 0
0.390467 0.424412 0
-0.151979 0.459303 0
-0.059794 -0.307793 0
0.159038 -0.00032258 0
0.0226299 0.933326 0
0.91939 -0.724895 0
0.763758 0.123864 0
0.0662088 -0.0576186 0
0.747456 -0.657321 0
0.25103 0.184718 0
0.770493 0.964422 0
-0.758274 0.400874 0
0.318933 0.190421 0
0.863257 0.548604 0
-0.648651 0.509125 0
0.347602 0.288001 0
0.908253 -0.110095 0
-0.476337 -0.968634 0
-0.37335 0.8174 0
-0.517172 -0.821198 0
0.0505886 -0.471025 0
-0.671651 0.378626 0
-0.652425 -0.275945 0
0.264966 -0.937062 0
0.385954 0.108504 0
-0.759053 0.0529989 0
0.451594 -0.402843 0
-0.857332 -0.949745 0
0.132418 -0.959938 0
0.41349 0.289601 0
-0.707138 0.593426 0
-0.354258 0.686226 0
-0.141139 0.684624 0
-0.803378 0.925842 0
0.0522621 -0.594113 0
-0.962959 -0.75243 0
0.578578 0.647198 0
-0.950348 -0.451573 0
-0.804189 0.145758 0
-0.264317 0.885741 0
-0.352702 0.350012 0
-0.423292 0.961489 0
-0.73839 0.507197 0
0.870643 0.59621 0
0.307853 -0.306337 0
-0.868019 0.233532 0
-0.081063 -0.241112 0
-0.333332 -0.240341 0
-0.273405 -0.145344 0
0.48567 -0.156688 0
-0.826753 0.432777 0
0.756089 -0.720458 0
0.010602 0.691372 0
0.780725 0.635155 0
-0.334449 0.299571 0
0.804983 -0.643501 0
-0.0206406 0.370632 0
-0.93524 -0.22978 0
-0.362441 0.743591 0
0.0457611 0.712747 0
-0.747229 -0.0893329 0
-0.446369 -0.0734637 0
0.175743 -0.67454 0
0.837053 -0.651699 0
-0.0643141 0.329857 0
-0.588464 -0.903875 0
-0.202435 0.722185 0
-0.211133 0.834979 0
0.823734 -0.387071 0
0.937032 0.294758 0
-0.536649 -0.0779171 0
-0.445547 0.418652 0
-0.838943 -0.737049 0
-0.598722 -0.793395 0
0.735103 0.30398 0
-0.142535 -0.871604 0
-0.208252 -0.581541 0
-0.508086 0.93611 0
0.142016 -0.603658 0
0.987727 -0.401917 0
0.772667 0.868214 0
-0.960064 -0.819962 0
-0.60719 -0.00585556 0
-0.112419 -0.0936146 0
-0.0607988 0.480882 0
-0.802205 0.310207 0
0.606296 -0.808322 0
0.95259 -0.0260293 0
0.104749 0.46364 0
-0.393517 0.815958 0
-0.547167 -0.227567 0
0.0637466 0.211168 0
0.837724 -0.515547 0
-0.301193 -0.308117 0
-0.11158 0.909263 0
0.138574 -0.0722144 0
-0.60563 -0.715137 0
-0.619548 -0.36317 0
-0.885852 0.791112 0
0.980234 0.839507 0
0.369067 -0.704811 0
-0.164212 0.790684 0
-0.932058 -0.811973 0
-0.213126 0.907609 0
-0.585418 -0.549868 0
0.67661 -0.00306988 0
0.656204 -0.423064 0
0.642794 -0.911961 0
0.898644 0.985625 0
-0.441262 0.365683 0
0.989476 0.6221 0
0.194422 -0.844498 0
0.916737 0.00931191 0
0.392561 0.51302 0
0.79565 -0.231273 0
-0.514508 0.77539 0
0.806837 -0.862179 0
0.232587 0.836863 0
0.858751 0.514853 0
0.187859 -0.522575 0
-0.491059 0.452259 0
0.783101 -0.973369 0
-0.589973 -0.240937 0
0.52038 -0.358799 0
-0.271117 0.714174 0
-0.61183 -0.639831 0
-0.239184 -0.760537 0
-0.186917 -0.338309 0
0.49461 -0.883103 0
0.439773 0.786175 0
0.721363 -0.932938 0
0.698221 0.735885 0
-0.838838 0.604564 0
-0.25953 0.746497 0
0.00253618 0.103426 0
-0.466753 -0.86225 0
-0.763089 0.206841 0
0.242923 0.815463 0
0.0199146 -0.376728 0
0.106503 -0.581949 0
-0.573888 0.496094 0
-0.963239 0.550689 0
0.0476816 -0.0748546 0
0.455362 0.185709 0
-0.919101 -0.374109 0
-0.206902 -0.00673342 0
-0.678122 0.652759 0
-0.00531006 0.662342 0
-0.60768 -0.062426 0
-0.0761078 -0.892927 0
0.780417 -0.139866 0
0.595908 0.201868 0
0.287592 -0.714681 0
-0.0877547 -0.0328282 0
0.907164 0.234765 0
0.994847 -0.312228 0
0.406869 -0.810168 0
0.205414 0.423067 0
0.634445 0.937986 0
-0.755234 -0.967408 0
-0.688012 -0.965265 0
0.66481 0.837309 0
0.428923 0.334795 0
0.166493 -0.0994669 0
-0.529676 0.220008 0
-0.931474 -0.249535 0
-0.985041 -0.620578 0
0.809586 0.515738 0
0.450993 0.690904 0
-0.84535 0.186084 0
-0.0979407 0.0295926 0
0.649326 -0.0975211 0
0.343535 -0.563126 0
0.789023 0.171779 0
0.54429 0.505906 0
0.380966 -0.683668 0
0.912133 0.0968413 0
0.694996 0.943609 0
-0.100994 -0.097875 0
0.804808 -0.258577 0
0.166839 0.274754 0
-0.770043 -0.994635 0
0.909674 -0.672273 0
-0.591753 -0.15098 0
0.228727 0.275586 0
-0.444475 -0.236025 0
0.773514 0.144195 0
-0.422391 -0.0372816 0
-0.871964 -0.956568 0
0.147561 0.574905 0
-0.333839 0.36412 0
0.962856 -0.330597 0
-0.695639 0.183942 0
-0.665128 -0.296441 0
0.668354 0.907226 0
0.802305 -0.53536 0
-0.194801 0.561925 0
-0.579501 -0.00264609 0
-0.929029 -0.10939 0
0.315388 -0.540981 0
-0.0222242 0.582663 0
-0.0925925 -0.136329 0
0.982577 0.862831 0
0.638609 0.891591 0
-0.952485 0.776968 0
-0.507417 0.449984 0
-0.0656648 0.569472 0
0.758035 0.77223 0
0.44219 -0.0994934 0
-0.087183 -0.823919 0
0.03128 0.853027 0
-0.57458 0.297733 0
-0.18694 0.78662 0
-0.554696 -0.911336 0
0.280628 -0.0405861 0
0.773596 -0.427278 0
0.154476 0.926775 0
-0.401711 0.363209 0
0.198979 -0.900756 0
-0.801368 0.774486 0
0.588152 0.0317377 0
-0.161472 0.712417 0
0.916836 0.108947 0
0.0455576 -0.406273 0
0.157982 -0.370304 0
-0.647893 -0.699637 0
-0.353108 -0.378636 0
-0.233785 0.62579 0
-0.891163 0.718798 0
0.452937 -0.169646 0
0.184242 -0.782038 0
0.470551 0.30868 0
0.638094 0.0773997 0
0.17959 -0.809117 0
0.361566 0.905202 0
0.437905 0.80176 0
0.438955 0.700228 0
0.196862 -0.544769 0
-0.937563 0.593651 0
0.34138 -0.908386 0
-0.674036 0.588312 0
-0.66136 0.347494 0
-0.976061 0.146809 0
-0.791015 0.887397 0
0.378662 0.865898 0
-0.553606 -0.440592 0
