-0.525832 0.807757 0
0.907683 -0.62311 0
-0.79801 -0.419147 0
0.737171 0.630113 0
0.0300788 -0.688501 0
0.514668 -0.481405 0
0.572002 -0.419361 0
-0.75325 -0.944834 0
0.490282 0.247344 0
-0.648553 0.342326 0
0.149878 0.605797 0
0.428836 -0.0594879 0
0.790433 0.191079 0
0.639736 -0.0664979 0
-0.747735 -0.244869 0
-0.238166 -0.808355 0
0.273637 -0.841513 0
0.033035 0.769055 0
0.498569 -0.903878 0
0.0335816 -0.0351538 0
0.834112 0.174275 0
0.103798 0.0449938 0
-0.64953 -0.927826 0
0.231349 -0.512168 0
-0.267604 0.665121 0
0.0755773 -0.0342717 0
0.0608352 -0.348352 0
-0.0793407 0.412303 0
-0.256225 0.673885 0
-0.357111 -0.202821 0
-0.856983 -0.354296 0
0.616364 -0.211101 0
-0.0665686 0.512665 0
-0.146604 0.271463 0
0.155293 -0.443718 0
-0.930027 0.612919 0
-0.312882 0.460779 0
-0.22035 -0.326393 0
0.058905 -0.37028 0
-0.151409 0.909675 0
0.0683622 -0.476065 0
0.528586 -0.32172 0
-0.973976 -0.598417 0
-0.95645 0.217174 0
-0.348227 -0.270844 0
-0.419685 -0.931607 0
-0.539405 -0.558337 0
0.605643 -0.825667 0
-0.471617 -0.188035 0
0.252209 0.821068 0
0.312105 0.517927 0
0.121529 0.595827 0
0.655018 -0.120107 0
0.681893 0.197384 0
-0.476044 0.677165 0
0.606031 -0.110609 0
0.0927876 0.659517 0
0.397547 0.632279 0
0.131621 -0.286644 0
-0.808599 -0.987758 0
-0.483133 -0.4324 0
-0.037594 0.533411 0
-0.24796 -0.942734 0
-0.470189 -0.259443 0
0.645126 -0.885015 0
0.981416 -0.146481 0
-0.261154 -0.180763 0
0.916071 0.277575 0
0.675898 -0.328083 0
0.19392 -0.928339 0
-0.959958 0.536239 0
0.0183641 0.0327938 0
0.206335 -0.812171 0
0.987595 0.0169815 0
-0.531769 -0.65379 0
0.428872 0.771693 0
-0.768048 -0.904504 0
-0.47385 0.118225 0
-0.404566 -0.766033 0
0.450635 0.110622 0
0.710609 0.248129 0
-0.998247 0.0291973 0
-0.650244 0.846693 0
-0.31512 -0.0147731 0
0.508224 0.939858 0
-0.771712 0.212952 0
-0.948238 0.873667 0
-0.180333 0.851032 0
-0.289395 -0.724228 0
-0.159572 0.282826 0
-0.989249 -0.959241 0
-0.695764 0.633177 0
0.133322 -0.172941 0
-0.0252951 -0.973351 0
0.29743 0.730654 0
0.985656 0.751427 0
-0.941259 -0.450002 0
0.443453 0.877265 0
-0.895863 -0.382986 0
0.986459 0.574711 0
-0.115392 -0.248614 0
0.808246 -0.49362 0
0.826111 -0.811903 0
-0.138746 -0.26932 0
0.875702 -0.612205 0
-0.153984 0.492085 0
-0.0863584 -0.0355555 0
0.574818 0.470857 0
0.646791 0.368724 0
-0.727943 0.249425 0
0.222607 0.417071 0
0.331762 -0.157907 0
-0.628198 -0.295573 0
-0.0991593 0.581047 0
-0.850034 0.578532 0
0.935056 0.140855 0
-0.709102 0.325266 0
-0.741899 0.542513 0
-0.781599 -0.732759 0
0.976122 -0.849006 0
-0.175418 -0.956423 0
-0.369797 -0.976908 0
-0.0862098 0.787929 0
-0.354061 0.784122 0
-0.455322 -0.167991 0
0.205563 0.827357 0
-0.0980347 0.828086 0
0.504831 -0.961342 0
0.740277 0.884804 0
0.213839 -0.36389 0
0.758096 -0.0245088 0
0.101767 -0.804032 0
-0.445384 -0.0738081 0
-0.621215 0.0810843 0
0.308939 0.582956 0
0.409694 -0.760733 0
-0.0935857 0.508034 0
-0.544396 -0.393762 0
-0.478558 -0.772471 0
-0.100692 -0.142006 0
-0.731254 -0.225351 0
-0.526758 0.970046 0
0.723968 -0.908643 0
0.846355 -0.389265 0
0.476791 0.200341 0
0.7129 0.214868 0
-0.23882 -0.79854 0
-0.58311 0.17317 0
-0.666866 -0.760384 0
-0.118147 -0.83312 0
-0.787828 0.916116 0
-0.886503 -0.384638 0
0.415084 -0.111806 0
-0.870087 -0.127458 0
0.968399 -0.0357469 0
-0.859363 0.80265 0
-0.363698 0.0979059 0
-0.945162 -0.956353 0
0.403243 -0.412226 0
-0.64076 0.468601 0
0.241469 0.0261023 0
-0.415351 -0.100516 0
0.504056 -0.66762 0
-0.754323 0.986199 0
0.629951 0.628025 0
-0.141666 -0.528168 0
-0.346117 -0.39153 0
0.570097 -0.581227 0
-0.989402 0.566092 0
0.375305 -0.0929422 0
0.0101281 0.358086 0
-0.528638 0.305854 0
-0.931121 0.0399386 0
0.512051 -0.651478 0
0.628142 0.47689 0
-0.729274 0.963825 0
0.869324 -0.776994 0
0.787402 -0.602825 0
-0.268605 0.874271 0
0.313798 0.619856 0
-0.469549 0.261358 0
-0.0778683 -0.688352 0
-0.508753 -0.707909 0
0.766358 0.774894 0
0.51832 0.47464 0
-0.810339 -0.570893 0
-0.752794 0.0821482 0
0.138587 0.303542 0
0.720702 0.667579 0
-0.206744 -0.163556 0
0.980179 0.446082 0
-0.129633 -0.565531 0
0.13438 0.467409 0
0.318971 -0.646533 0
-0.683597 0.199182 0
0.821374 0.961252 0
-0.000224292 -0.84112 0
0.249742 -0.0696926 0
-0.53316 0.941074 0
-0.962061 -0.0624056 0
0.46001 -0.511688 0
0.18966 -0.550012 0
0.492341 -0.269712 0
0.384177 -0.292087 0
0.335603 0.376341 0
0.418934 -0.634951 0
-0.236506 0.228752 0
-0.897468 0.350686 0
-0.46662 -0.146596 0
-0.49006 -0.0704244 0
-0.942555 -0.9499 0
0.239109 -0.494365 0
-0.404179 0.677169 0
-0.196157 0.000617743 0
0.949679 0.804481 0
0.485276 -0.153155 0
0.461262 -0.0853336 0
-0.0655003 -0.0774338 0
0.302119 -0.978446 0
0.210761 -0.618516 0
0.572476 -0.65067 0
0.248377 -0.745077 0
-0.496536 -0.72733 0
-0.0837885 0.183169 0
-0.514101 0.700328 0
0.293227 -0.931463 0
-0.857441 -0.643274 0
0.718798 0.477345 0
0.420281 0.116634 0
0.172233 0.311398 0
0.620811 -0.208667 0
-0.014216 -0.192482 0
0.953418 -0.667404 0
0.459903 0.0476012 0
-0.116294 0.306512 0
-0.310992 0.840496 0
0.980726 0.0645996 0
-0.164771 -0.82151 0
0.888785 -0.508761 0
-0.800107 0.107437 0
0.41196 -0.707913 0
-0.562062 0.943114 0
-0.341483 0.434409 0
0.00334835 -0.962356 0
0.650822 0.537813 0
0.966649 -0.374353 0
-0.810219 0.113566 0
0.467713 0.138945 0
-0.468164 -0.270882 0
-0.898539 0.0727073 0
0.0114 0.432194 0
-0.470458 0.573967 0
-0.26226 0.886569 0
0.186612 0.599513 0
-0.940132 0.911617 0
0.284732 -0.834112 0
-0.148804 -0.374034 0
0.189471 -0.293025 0
0.0644913 0.205276 0
-0.108321 -0.784395 0
-0.705459 0.825345 0
-0.781829 0.270363 0
0.793535 -0.935866 0
0.0937133 0.125722 0
-0.693063 0.590205 0
0.489068 -0.67009 0
-0.801763 -0.322235 0
0.722288 -0.717374 0
-0.435069 0.541084 0
-0.132469 -0.942786 0
-0.650527 0.51105 0
-0.603382 0.401219 0
-0.439189 0.834825 0
-0.966172 0.889727 0
-0.146322 -0.917104 0
-0.466107 0.298963 0
-0.239847 -0.572675 0
0.498019 0.914589 0
0.833155 -0.191953 0
-0.4741 -0.958889 0
0.286608 -0.694206 0
-0.814946 -0.242788 0
-0.750051 -0.78643 0
-0.785302 0.157626 0
-0.545921 0.239116 0
-0.350629 0.446587 0
-0.0315718 0.982679 0
0.043831 0.747404 0
-0.936719 0.664707 0
-0.688613 -0.212024 0
0.270434 0.203786 0
0.580699 -0.650674 0
-0.168927 -0.144341 0
0.433178 0.0411389 0
0.235203 -0.749583 0
0.888459 0.197618 0
-0.714912 0.496816 0
-0.919352 0.121555 0
0.659696 -0.599264 0
-0.386271 -0.771289 0
0.161198 -0.751186 0
-0.11796 -0.826361 0
-0.0133269 0.00539649 0
-0.440741 0.984484 0
-0.850799 0.363711 0
0.0987375 0.460722 0
-0.0423745 -0.596872 0
-0.21685 -0.719995 0
0.493314 -0.621126 0
0.388659 0.0991322 0
-0.776522 0.55927 0
-0.73537 -0.563915 0
-0.889105 -0.257472 0
-0.518906 0.055854 0
-0.244116 -0.56239 0
-0.695733 -0.167633 0
0.0985107 0.788101 0
-0.891782 -0.879454 0
0.770589 -0.483642 0
0.132793 -0.19307 0
0.692063 -0.489173 0
0.922666 0.612011 0
-0.765346 0.261974 0
-0.123557 0.141749 0
-0.140063 0.00267375 0
-0.353483 -0.726257 0
-0.898053 -0.183479 0
-0.773957 0.786508 0
-0.394318 0.037562 0
-0.470276 -0.925616 0
0.705032 0.519333 0
-0.232926 0.995089 0
-0.407269 0.105429 0
-0.602346 0.661541 0
-0.093617 0.63292 0
0.521016 0.696085 0
0.831796 0.92455 0
-0.649405 0.645173 0
-0.78584 -0.126144 0
0.866488 0.625477 0
0.304679 -0.0114837 0
0.346409 -0.761625 0
-0.270428 -0.748894 0
-0.0454784 -0.668367 0
-0.527038 0.750393 0
0.742851 -0.457575 0
0.0622931 0.395246 0
0.918135 0.0419545 0
-0.604135 0.507491 0
-0.360621 -0.306638 0
-0.795395 -0.771375 0
-0.50781 -0.163421 0
0.187616 0.356625 0
0.474049 0.520192 0
0.691877 -0.643575 0
0.408409 0.727509 0
0.888099 0.0883029 0
0.143328 -0.934895 0
-0.562608 -0.940569 0
-0.803026 -0.72498 0
0.493072 -0.427248 0
0.471761 0.413582 0
0.973886 -0.636268 0
0.812572 0.972834 0
0.10465 0.924079 0
-0.580611 0.612634 0
-0.248813 0.678153 0
-0.2449 0.0231416 0
-0.360597 0.0458118 0
-0.78241 -0.27767 0
0.702023 0.707075 0
-0.757291 -0.471932 0
-0.497678 0.926482 0
-0.557154 0.99112 0
0.281762 -0.390592 0
0.340233 0.73523 0
-0.542019 0.821434 0
0.0841025 -0.163809 0
-0.94246 0.228182 0
0.926913 0.611633 0
0.0691273 0.000440717 0
-0.461902 -0.962722 0
0.594307 0.212388 0
0.288296 -0.0968249 0
0.944281 0.57616 0
-0.678918 -0.71823 0
0.431893 0.663035 0
0.543589 -0.377489 0
-0.150222 0.524634 0
-0.514978 -0.500845 0
-0.00915897 0.370682 0
0.742503 0.162759 0
0.245123 0.968046 0
0.00783587 0.790265 0
-0.358601 0.922373 0
0.536839 0.826821 0
0.815666 0.00252724 0
-0.145988 -0.884745 0
0.14763 0.48466 0
-0.358459 -0.962741 0
-0.447091 0.19161 0
-0.24271 -0.769742 0
-0.435337 0.415821 0
-0.296534 -0.786569 0
0.701065 0.665931 0
-0.74391 0.937595 0
0.346892 0.811169 0
-0.952284 -0.70106 0
-0.138175 0.380499 0
0.0247612 -0.165987 0
-0.671926 -0.179457 0
0.337955 -0.743983 0
0.810887 0.781311 0
0.180102 -0.46962 0
0.0808687 0.0998049 0
0.516143 -0.29886 0
-0.295479 0.712115 0
-0.869232 0.269598 0
0.684518 -0.278917 0
0.388863 0.905997 0
0.114928 0.249063 0
-0.953005 0.297524 0
0.748119 0.066801 0
0.180414 0.6479 0
0.853158 0.102769 0
-0.447392 -0.436498 0
-0.615433 0.0670061 0
0.263722 -0.899776 0
0.858247 -0.743466 0
-0.287431 -0.918564 0
-0.6019 -0.508091 0
0.121501 -0.273575 0
0.970664 -0.0230598 0
-0.325426 0.654629 0
-0.495734 0.263322 0
0.359587 -0.714284 0
0.172882 0.313571 0
-0.692365 -0.914302 0
-0.679737 -0.624023 0
0.83363 -0.532145 0
-0.413317 0.509728 0
0.135659 -0.13027 0
-0.594863 0.94381 0
0.497169 -0.74687 0
0.40388 -0.661856 0
-0.246176 0.00604594 0
0.767245 0.320941 0
-0.241316 0.0374246 0
0.972327 -0.586872 0
-0.355649 0.0660282 0
-0.576801 -0.358852 0
0.495446 -0.144382 0
0.703672 0.577798 0
-0.784791 -0.304267 0
0.152854 0.296855 0
-0.352443 -0.776746 0
0.0255599 -0.701073 0
-0.604562 -0.115481 0
0.488062 0.80379 0
0.983505 -0.0313584 0
0.387398 0.293986 0
-0.897513 -0.126552 0
-0.655657 0.0342628 0
0.128169 -0.191463 0
0.335713 -0.522605 0
-0.0330076 -0.754261 0
-0.948269 0.996965 0
-0.169899 -0.255384 0
-0.588855 -0.158823 0
0.383161 0.665188 0
-0.748924 -0.255419 0
-0.281423 0.62841 0
0.802295 0.430747 0
0.647964 0.551699 0
-0.272524 0.309479 0
-0.11788 0.649609 0
0.515255 -0.0012235 0
-0.783448 0.315253 0
-0.90344 -0.354188 0
-0.160413 0.0473349 0
-0.72832 0.450768 0
0.545614 0.436227 0
0.295141 -0.412088 0
-0.554162 0.136167 0
-0.326691 -0.631577 0
-0.304378 -0.482924 0
0.364828 0.942416 0
0.900259 -0.101743 0
-0.656435 -0.369353 0
-0.800281 -0.85174 0
0.302785 -0.495019 0
0.784838 0.0848657 0
0.487819 -0.56949 0
0.629236 0.0632997 0
-0.205841 -0.35379 0
0.16655 -0.712771 0
0.992195 -0.966797 0
0.249269 0.884677 0
0.705184 0.573622 0
-0.720485 0.738014 0
0.165653 0.867459 0
0.179757 0.742679 0
-0.359218 -0.18352 0
0.732815 0.125113 0
-0.291968 -0.0244229 0
-0.0265179 0.904343 0
0.492285 0.790427 0
0.492861 -0.471243 0
0.654637 -0.283973 0
-0.621453 0.6574 0
0.929138 0.725633 0
-0.902761 -0.367069 0
0.359018 -0.254305 0
0.656152 -0.546134 0
0.564742 -0.294378 0
0.683076 -0.972138 0
0.515763 0.406944 0
0.101283 0.972671 0
-0.216078 0.195193 0
0.141917 -0.840968 0
-0.759556 0.99548 0
0.624179 -0.520986 0
0.560473 0.515435 0
-0.0812694 -0.307 0
0.421385 0.998194 0
-0.737669 -0.568809 0
-0.964515 0.637877 0
-0.721133 0.117129 0
0.222457 0.107552 0
0.356814 -0.452924 0
0.975279 0.101629 0
-0.426093 0.282188 0
0.0813464 -0.506789 0
0.932395 -0.979602 0
-0.899733 0.820491 0
-0.274576 0.0967145 0
0.891296 0.222366 0
0.470895 0.405975 0
-0.85148 0.226896 0
0.948759 0.882805 0
-0.399706 0.213716 0
0.864708 -0.958839 0
-0.170782 0.434029 0
-0.0413502 -0.594104 0
-0.269181 0.809373 0
0.887616 0.839502 0
0.530711 -0.105185 0
-0.472393 0.544163 0
0.396543 -0.72005 0
-0.983644 0.0158199 0
-0.65061 0.0527738 0
-0.896026 -0.437388 0
0.936714 -0.820245 0
0.368838 0.344172 0
-0.594378 -0.888405 0
0.805772 0.0753336 0
0.0906622 -0.860638 0
-0.0544041 0.964693 0
0.130592 -0.060904 0
0.498192 0.98333 0
0.215574 -0.631445 0
-0.344993 0.773874 0
-0.577123 0.865449 0
0.0159303 0.258627 0
0.98555 -0.55825 0
-0.531865 -0.202397 0
0.141993 -0.171522 0
-0.108966 -0.0380452 0
-0.382705 -0.946277 0
0.120328 0.152363 0
0.217634 0.224162 0
-0.448334 0.464788 0
-0.503293 0.609285 0
0.836879 -0.0714413 0
0.605498 0.838573 0
-0.119712 -0.626444 0
-0.626864 0.803191 0
-0.716287 -0.734549 0
-0.305343 -0.20774 0
0.90412 -0.884337 0
0.683509 0.365476 0
-0.923541 -0.375689 0
0.878337 -0.717058 0
-0.888872 0.247232 0
0.313114 -0.764381 0
0.223329 -0.965697 0
0.0579828 -0.420402 0
-0.820553 0.498917 0
0.544301 0.315196 0
-0.959894 0.0217227 0
0.284214 -0.189202 0
0.417436 -0.141948 0
-0.784444 0.381981 0
0.0928288 -0.673939 0
-0.0745139 0.865823 0
0.0619076 -0.787848 0
0.38722 0.189187 0
0.852108 -0.152262 0
-0.909015 -0.116365 0
-0.772778 -0.912455 0
-0.542806 -0.181794 0
-0.0778238 -0.0590927 0
-0.521721 0.349987 0
0.745278 0.986425 0
0.360466 0.803375 0
-0.960027 -0.867856 0
0.581828 0.29635 0
0.872013 0.387812 0
0.718656 0.00953341 0
0.331691 0.469221 0
0.429692 0.0194465 0
-0.593351 0.315234 0
0.559692 -0.15402 0
0.0153018 -0.910329 0
0.654769 -0.452749 0
-0.764611 -0.94807 0
-0.817443 -0.776587 0
0.760702 -0.900802 0
0.466491 -0.263457 0
0.658291 0.900848 0
0.695533 -0.162359 0
0.251665 -0.693968 0
0.324401 -0.396427 0
-0.594299 0.406698 0
-0.516567 -0.607923 0
-0.465491 0.514313 0
-0.0782647 0.861015 0
-0.856976 -0.24005 0
0.903687 0.222385 0
0.096998 0.416702 0
-0.951183 0.563216 0
0.975924 0.244609 0
-0.662756 -0.399768 0
0.432454 -0.383716 0
0.986859 0.610441 0
0.556465 0.346701 0
0.456675 -0.21179 0
-0.0114943 0.569014 0
-0.695898 0.69393 0
0.467152 0.810782 0
-0.204056 -0.750619 0
0.0229545 -0.413949 0
0.840911 -0.709293 0
0.524519 -0.603704 0
0.107664 0.495794 0
0.405541 0.138558 0
0.307653 -0.123731 0
0.569252 -0.144238 0
0.524497 -0.640723 0
0.31356 0.816505 0
-0.517007 -0.945699 0
0.584702 0.372442 0
0.673735 0.728226 0
-0.140221 -0.474522 0
0.387084 -0.719879 0
0.85954 0.0562176 0
0.885371 0.383074 0
0.405981 -0.578943 0
0.979802 0.952698 0
0.966588 0.974258 0
-0.556777 -0.220331 0
-0.508972 -0.846082 0
-0.856095 0.0866827 0
0.336684 -0.57249 0
0.802989 -0.479329 0
-0.487927 0.370328 0
0.403731 -0.0446488 0
-0.492113 0.793552 0
0.936226 -0.566061 0
-0.396523 0.46573 0
0.51915 -0.142579 0
-0.288799 0.678831 0
-0.397872 -0.175313 0
-0.163194 -0.164188 0
0.873465 0.600544 0
0.0324559 0.414667 0
-0.7798 0.89362 0
-0.270772 0.812243 0
0.452592 -0.53845 0
0.447159 0.0411153 0
-0.9468 0.0473722 0
-0.773377 0.0752424 0
0.590384 0.652449 0
0.839565 0.756846 0
-0.094462 -0.0322078 0
0.901091 0.0955982 0
0.25551 -0.0451622 0
-0.104725 -0.167006 0
0.838163 0.993854 0
-0.595627 -0.887325 0
0.266524 0.847577 0
-0.322091 0.552893 0
0.146106 -0.345609 0
-0.0486277 0.00504446 0
0.0648803 0.70235 0
0.793389 0.602019 0
0.296519 -0.0883904 0
-0.772117 0.0352618 0
-0.43019 0.451279 0
0.681198 0.526684 0
-0.12694 -0.42442 0
0.832826 0.802368 0
0.490256 -0.943344 0
-0.893175 -0.753196 0
-0.419999 -0.175983 0
0.0425272 -0.465022 0
0.392951 -0.852003 0
0.889955 -0.368204 0
-0.739435 0.929475 0
-0.116889 -0.65922 0
0.765205 -0.245278 0
0.00336099 0.477418 0
-0.250306 -0.88952 0
0.351241 -0.440838 0
0.0796037 0.412784 0
0.238866 -0.741856 0
-0.0439251 0.916789 0
0.87155 0.88998 0
-0.114249 0.0834359 0
-0.892783 0.733813 0
-0.73578 -0.689863 0
-0.56896 0.46044 0
-0.909378 0.796124 0
-0.00310135 0.0287188 0
0.530705 -0.271114 0
-0.301788 -0.329309 0
-0.0820461 -0.76996 0
-0.559932 0.0158529 0
0.390399 0.895276 0
0.280801 -0.184629 0
-0.351606 0.0677924 0
0.0988234 -0.353685 0
0.123459 -0.0924103 0
0.478834 -0.798554 0
-0.204462 0.430277 0
0.559392 0.302552 0
-0.3152 0.997041 0
-0.668164 0.482462 0
-0.051362 0.380873 0
0.96902 -0.413895 0
-0.972535 0.00134039 0
-0.405076 -0.396037 0
0.386403 0.216061 0
0.63362 -0.726963 0
0.461696 0.725069 0
-0.0886073 -0.401367 0
-0.621966 -0.794061 0
0.4166 0.908512 0
-0.755772 0.864421 0
-0.68927 0.850478 0
0.991273 0.739241 0
0.339721 0.230373 0
0.866424 -0.123443 0
-0.951309 0.990343 0
0.422485 -0.298868 0
-0.804691 -0.331796 0
-0.875191 0.0828563 0
0.500539 0.940611 0
-0.305474 0.498335 0
0.440096 -0.200416 0
-0.362891 -0.135355 0
-0.268045 0.773328 0
-0.844932 0.240723 0
0.807683 -0.571405 0
-0.242847 0.940055 0
0.96668 0.657807 0
0.319671 0.689803 0
-0.535984 0.525709 0
0.623089 0.0228684 0
-0.792144 0.056728 0
0.668909 -0.562244 0
0.396691 0.478643 0
-0.557703 0.978257 0
-0.767596 0.569395 0
-0.0209218 -0.328911 0
-0.292851 -0.00435013 0
0.410115 -0.857442 0
-0.611351 -0.944777 0
-0.25762 0.858362 0
-0.0344311 -0.933664 0
-0.283491 -0.337022 0
-0.981525 -0.0272172 0
0.0191942 0.57615 0
0.556911 0.414841 0
-0.499071 0.57719 0
-0.0269949 -0.397107 0
-0.688924 0.699568 0
0.958517 -0.810371 0
-0.898644 -0.572614 0
0.277709 -0.857522 0
-0.293282 0.125458 0
0.29065 -0.371345 0
-0.612855 -0.6704 0
0.493718 -0.375217 0
-0.891438 -0.876242 0
0.187546 -0.365896 0
-0.263476 -0.715254 0
0.794291 0.812482 0
0.168062 -0.894511 0
-0.402944 -0.266918 0
-0.435165 0.917398 0
0.735533 0.768464 0
-0.252863 -0.0167242 0
-0.54756 0.104629 0
-0.377045 0.771741 0
-0.600455 0.507641 0
-0.302068 0.359966 0
-0.916805 -0.0727913 0
0.560483 0.575841 0
0.338618 0.727628 0
-0.88601 0.754304 0
-0.0196909 0.218175 0
0.0883106 -0.52328 0
0.592991 0.463261 0
0.229424 -0.413594 0
0.730452 0.78174 0
-0.0556446 0.961968 0
-0.564509 -0.306083 0
0.25578 0.366433 0
-0.905811 0.22719 0
0.769333 0.859696 0
-0.151663 0.618189 0
0.352267 -0.518013 0
0.656519 0.460406 0
-0.667189 -0.314114 0
0.169275 0.286785 0
-0.413064 0.978156 0
0.821095 0.36669 0
-0.459436 0.716491 0
-0.739421 0.883563 0
-0.750746 0.684851 0
0.0803531 -0.874607 0
0.338939 -0.219932 0
0.349284 -0.815381 0
-0.987885 0.755233 0
0.787437 0.434508 0
-0.809536 -0.466155 0
-0.83627 0.516858 0
-0.061479 0.656123 0
-0.0960407 0.190104 0
-0.80765 -0.449222 0
0.418888 0.162274 0
-0.525074 0.671481 0
-0.819712 -0.0122473 0
-0.0706043 0.687155 0
-0.348543 0.811769 0
0.676641 -0.379224 0
0.659389 0.152432 0
0.235032 -0.492088 0
-0.389569 -0.0874155 0
0.583652 -0.544704 0
0.17324 0.562005 0
0.175173 0.962417 0
-0.895339 0.262565 0
0.703581 0.0259249 0
0.239614 0.919457 0
0.628004 -0.192462 0
-0.969543 0.397187 0
-0.952347 -0.0965832 0
-0.575102 0.261971 0
0.781474 -0.486494 0
0.185467 -0.224123 0
-0.990685 -0.399939 0
0.695758 -0.0269673 0
0.0995622 -0.847698 0
0.482298 -0.708073 0
-0.943479 0.537157 0
0.561677 -0.926273 0
-0.0278314 0.740404 0
0.581111 0.287837 0
0.254674 -0.500619 0
0.549643 0.521602 0
-0.0954401 -0.349621 0
0.510125 0.169636 0
0.45677 0.774072 0
0.525662 -0.204116 0
0.274315 0.186159 0
0.833961 -0.703044 0
-0.332125 0.999233 0
-0.328919 -0.738182 0
0.412891 -0.658323 0
-0.477231 -0.625839 0
-0.101097 -0.857643 0
-0.351292 -0.337179 0
-0.241485 -0.805307 0
0.542239 0.806067 0
-0.808907 -0.29632 0
-0.327617 0.207916 0
-0.405237 -0.471664 0
-0.831799 0.835924 0
-0.0342956 -0.756235 0
0.856138 -0.127112 0
0.035856 -0.506426 0
-0.817569 0.329425 0
0.829515 -0.912419 0
-0.842224 0.145395 0
0.235979 0.0593555 0
-0.0283362 0.351511 0
-0.510458 -0.93045 0
0.0626317 -0.195087 0
-0.612514 -0.588296 0
0.70972 -0.268444 0
-0.814969 0.733666 0
0.066911 -0.232512 0
-0.458902 0.979989 0
-0.757526 -0.123029 0
0.649826 -0.516681 0
0.854004 -0.951494 0
0.545486 -0.144561 0
0.613477 0.473685 0
0.978078 0.720459 0
-0.406468 0.0134809 0
0.54538 0.878437 0
-0.354141 -0.777644 0
-0.726064 -0.633653 0
-0.817165 0.034175 0
-0.245541 -0.363704 0
-0.155896 0.00966144 0
0.532159 -0.198952 0
-0.206975 -0.571727 0
-0.4759 -0.0807434 0
0.392342 -0.348511 0
0.662497 -0.810118 0
-0.133334 0.540106 0
-0.479258 -0.666063 0
-0.14098 -0.152167 0
0.686448 0.848812 0
-0.71309 0.443336 0
-0.823986 -0.680033 0
-0.824993 0.687842 0
-0.104244 0.513333 0
-0.822378 -0.937033 0
0.331709 0.370293 0
-0.941204 -0.302604 0
0.432603 -0.96942 0
-0.514608 0.988421 0
-0.315557 0.29712 0
0.449917 0.303114 0
-0.615499 0.466077 0
-0.748605 0.22148 0
-0.0616453 0.0261346 0
0.609478 0.664988 0
-0.536368 -0.66358 0
-0.309315 -0.854955 0
0.957673 0.657451 0
0.23716 -0.876026 0
-0.285672 -0.970053 0
-0.0227899 0.429399 0
-0.0933964 0.838627 0
-0.796897 0.545683 0
0.379281 0.231868 0
0.697994 0.877782 0
0.610003 -0.433361 0
0.647323 -0.520837 0
-0.659717 0.226629 0
-0.611333 0.539559 0
0.21251 0.718687 0
0.41033 0.663607 0
0.382668 0.977976 0
0.681939 -0.0909179 0
0.0452574 -0.956218 0
0.712254 0.241836 0
-0.669149 -0.567662 0
-0.0736319 0.794754 0
0.55429 0.443833 0
0.934101 -0.699567 0
0.190418 -0.488974 0
-0.552332 0.252564 0
0.724089 0.327159 0
0.332519 0.323989 0
-0.580642 -0.316565 0
0.25563 -0.980677 0
-0.0632085 -0.267569 0
0.315409 -0.355179 0
0.369902 0.810079 0
-0.875658 -0.143963 0
-0.973949 0.851161 0
-0.348819 -0.11148 0
-0.797787 -0.934831 0
0.414372 -0.543602 0
-0.958994 0.331384 0
0.929771 -0.650734 0
-0.53328 -0.0389996 0
0.333312 0.174862 0
-0.30189 0.32482 0
-0.486238 -0.330598 0
0.521103 0.699862 0
-0.916374 -0.373797 0
0.714031 0.524936 0
-0.97519 -0.0375178 0
0.562903 -0.701656 0
0.560729 -0.287542 0
-0.597383 0.351785 0
-0.523142 0.771107 0
0.0763129 0.535587 0
0.0941514 -0.534697 0
0.146382 -0.347721 0
-0.588462 -0.875895 0
-0.107786 -0.193603 0
-0.762283 -0.50968 0
