-0.801532 0.474789 0
0.116097 0.077473 0
0.207853 0.609333 0
0.485628 -0.544931 0
-0.671421 -0.0204549 0
0.108709 -0.735374 0
0.0659946 0.0832541 0
-0.908943 0.767376 0
0.494111 0.44965 0
-0.104052 0.0351256 0
0.997686 -0.243596 0
0.421417 -0.974282 0
0.668231 -0.856441 0
-0.139738 -0.0743665 0
-0.90465 0.463069 0
-0.308774 0.92311 0
0.0867509 0.73428 0
0.775389 -0.0474575 0
-0.895972 -0.728125 0
0.229932 -0.0901624 0
-0.680745 0.309264 0
-0.849528 0.577803 0
0.352515 -0.121682 0
-0.859162 0.404708 0
-0.46509 -0.890038 0
-0.671056 0.301061 0
0.364755 0.174618 0
-0.492983 0.160206 0
-0.466246 -0.146897 0
0.995181 -0.248956 0
0.660884 -0.0879901 0
0.408941 -0.774432 0
0.00301862 0.68675 0
-0.377985 0.0420697 0
0.542343 0.179551 0
-0.193616 0.52815 0
-0.370624 0.328885 0
-0.0152953 0.427821 0
-0.44043 -0.423763 0
0.225785 0.197726 0
-0.560625 0.310153 0
-0.447376 -0.293324 0
0.469415 -0.161299 0
-0.8826 -0.0803133 0
-0.271954 0.656487 0
0.591496 0.513974 0
0.0362266 0.658882 0
0.120658 0.247788 0
0.242371 -0.800537 0
-0.80303 0.320061 0
-0.0871463 0.97089 0
-0.943769 -0.623585 0
0.613279 0.796845 0
-0.923919 0.57806 0
0.102993 0.435974 0
-0.854539 0.237974 0
0.313141 0.964255 0
-0.319852 -0.566868 0
-0.123007 0.18301 0
0.00992179 0.764868 0
0.740508 0.135696 0
0.516102 0.889986 0
0.745997 -0.301868 0
0.162331 0.0640589 0
0.7507 -0.392716 0
0.332033 -0.528379 0
-0.244022 -0.815602 0
-0.91821 0.401906 0
0.205074 -0.330235 0
0.974147 0.176069 0
0.775289 0.931815 0
0.796845 -0.0200794 0
-0.406039 -0.962345 0
-0.684978 -0.436146 0
0.597232 -0.278301 0
-0.815782 0.566816 0
0.967311 0.304386 0
0.606775 -0.734511 0
-0.504068 0.73657 0
0.456202 -0.455435 0
0.703722 0.243959 0
-0.631059 0.73849 0
0.578359 -0.624958 0
0.893482 0.120735 0
-0.423517 -0.48087 0
-0.865217 0.268556 0
0.827141 -0.92146 0
-0.497115 -0.0672892 0
-0.435692 -0.589681 0
-0.99644 0.70705 0
0.478955 -0.314872 0
0.315799 0.944588 0
-0.099844 -0.880541 0
-0.74055 0.342031 0
0.643025 -0.403 0
0.414042 0.712464 0
-0.786477 0.684768 0
-0.162824 -0.212902 0
0.163695 0.616623 0
-0.590078 -0.21001 0
-0.992378 -0.292066 0
0.669245 -0.0255587 0
0.97283 0.879546 0
0.841219 0.127685 0
-0.402534 -0.121201 0
0.462322 -0.517397 0
0.144307 0.0171406 0
0.52166 -0.631891 0
-0.470622 0.759581 0
0.221206 0.769163 0
0.0667717 -0.682764 0
0.727752 -0.817663 0
0.00600469 -0.20031 0
-0.576929 0.257013 0
-0.0906856 -0.980863 0
-0.0310578 0.533505 0
-0.774937 -0.599955 0
-0.845767 -0.917686 0
-0.147337 -0.28081 0
0.644523 -0.682467 0
-0.138212 -0.602654 0
0.461639 -0.88338 0
0.405411 -0.214435 0
0.65195 -0.838851 0
0.0877806 -0.611084 0
0.157511 -0.731841 0
0.282979 0.00499284 0
-0.783641 0.438359 0
0.707247 -0.685077 0
-0.192422 -0.361794 0
0.458879 0.28507 0
0.224553 0.226631 0
-0.108937 -0.0999208 0
-0.127736 -0.481694 0
-0.254159 0.998523 0
0.451925 -0.73077 0
-0.443496 0.411324 0
-0.757734 -0.00859976 0
-0.42671 -0.603304 0
-0.016048 -0.984596 0
-0.930265 0.554451 0
0.0446163 0.255761 0
-0.784627 0.0927415 0
-0.425877 0.351062 0
-0.443133 0.401118 0
-0.773455 -0.482357 0
0.963527 -0.0686279 0
0.0217291 -0.834493 0
-0.727281 0.570618 0
0.609014 -0.699725 0
0.375053 0.325136 0
-0.190889 0.474856 0
0.97174 0.824618 0
-0.444646 0.0204179 0
-0.672211 -0.694198 0
-0.065334 0.762069 0
-0.490131 -0.133141 0
0.660423 0.833629 0
-0.00521928 0.718275 0
0.634105 -0.435876 0
0.4638 -0.945508 0
0.763451 0.684022 0
0.339066 -0.472237 0
0.778059 0.12683 0
-0.276069 -0.707684 0
-0.437269 -0.296246 0
-0.860665 -0.722604 0
0.671554 0.577892 0
-0.955726 -0.343194 0
0.87158 0.298226 0
0.775057 -0.141285 0
0.689113 0.918684 0
0.287598 0.35464 0
0.515962 0.367904 0
-0.0316658 0.423419 0
0.870743 0.921051 0
0.263374 -0.355468 0
-0.517736 0.324321 0
0.598216 0.288054 0
-0.0180226 -0.931112 0
0.393765 -0.26675 0
-0.645055 0.833531 0
-0.393535 0.951119 0
-0.20237 -0.928367 0
-0.85479 -0.355604 0
-0.539403 0.752398 0
0.42936 0.205304 0
-0.244594 -0.0144109 0
0.694579 0.285446 0
0.4318 -0.858819 0
-0.901282 0.620526 0
0.889643 -0.432683 0
0.772494 -0.135153 0
-0.791266 -0.326085 0
-0.242816 0.155102 0
0.647165 0.254703 0
-0.083842 0.0335852 0
0.709383 0.668192 0
-0.947761 -0.0739241 0
0.614104 -0.762561 0
0.370475 -0.720386 0
0.281556 -0.254906 0
-0.612591 0.156803 0
0.148803 -0.526256 0
0.0661063 0.731905 0
-0.407461 -0.530425 0
-0.0787901 -0.6756 0
0.257012 -0.296937 0
0.860215 -0.579396 0
-0.387307 -0.528006 0
-0.978383 -0.962564 0
-0.370438 0.48313 0
-0.383608 0.703519 0
0.910998 0.167016 0
-0.26904 0.0666581 0
-0.49348 -0.653665 0
0.000231147 -0.0110976 0
-0.0180165 -0.464359 0
0.878286 -0.542507 0
0.479115 -0.724424 0
0.921565 -0.857325 0
0.655462 0.0665958 0
0.742351 0.248753 0
0.0698791 -0.361951 0
-0.516196 0.892816 0
0.0273256 -0.677935 0
-0.508868 0.256532 0
0.807158 -0.0627235 0
0.117354 0.271435 0
0.182273 0.302766 0
0.37667 -0.756431 0
0.199743 -0.403674 0
0.232266 0.348301 0
0.907534 -0.494084 0
0.593688 -0.904553 0
-0.507405 -0.431962 0
0.894777 -0.302447 0
-0.58509 0.281289 0
-0.361846 -0.286689 0
-0.00283915 -0.178376 0
0.852483 0.391572 0
-0.889165 0.975674 0
0.836914 0.0237622 0
-0.72257 -0.678872 0
0.50763 0.952236 0
0.561626 -0.499778 0
-0.027254 -0.666023 0
-0.0631883 0.55434 0
-0.703569 0.346335 0
-0.0122115 -0.879842 0
-0.917608 -0.173482 0
-0.538757 -0.0734157 0
0.923955 0.323402 0
0.496373 0.765851 0
-0.0682285 0.345183 0
-0.686782 -0.304319 0
-0.987774 -0.918778 0
0.285165 0.999895 0
0.236462 0.382845 0
0.764297 0.497142 0
0.266295 -0.237237 0
-0.545783 -0.193002 0
-0.508022 0.506514 0
-0.606544 0.916745 0
0.483438 -0.85589 0
-0.180142 -0.133481 0
-0.957272 -0.481294 0
-0.941582 0.739723 0
-0.153831 -0.571057 0
0.815081 0.971417 0
0.397182 -0.917854 0
0.414378 -0.234876 0
-0.044856 -0.18195 0
-0.985319 -0.463691 0
-0.531401 -0.680198 0
0.248827 0.125005 0
-0.0155906 -0.682651 0
0.507078 0.764755 0
-0.454063 0.852393 0
0.0619392 -0.041449 0
0.206085 -0.059616 0
-0.167476 0.895701 0
0.0063318 -0.0915809 0
0.185054 0.470078 0
-0.349303 -0.758641 0
0.636607 -0.7804 0
-0.292236 0.2515 0
-0.848385 0.598002 0
0.324707 -0.357701 0
0.589534 -0.606489 0
-0.15596 0.238579 0
0.233453 -0.53897 0
0.155569 0.0583403 0
-0.776076 0.843172 0
-0.839765 -0.224692 0
-0.818147 -0.82622 0
0.586361 -0.517646 0
-0.395091 0.637145 0
0.762683 0.120032 0
0.183688 0.61028 0
0.418554 -0.0145112 0
0.840937 0.984972 0
0.500431 0.778811 0
-0.149393 -0.807759 0
-0.566397 -0.678655 0
-0.0142463 -0.13083 0
0.163444 0.888404 0
0.338908 -0.523938 0
0.71556 -0.0201623 0
-0.443742 0.761676 0
0.56217 0.801931 0
-0.801063 -0.0567601 0
0.0113376 -0.840104 0
-0.628696 -0.832788 0
-0.553044 0.0983088 0
0.117187 0.328545 0
0.722205 -0.724927 0
0.413885 -0.996404 0
-0.509784 0.427578 0
-0.0363783 0.0882653 0
-0.0115986 -0.676437 0
0.828673 0.454419 0
-0.938763 -0.64943 0
0.739928 0.102707 0
-0.583697 0.524875 0
0.199864 0.741878 0
0.163397 -0.645206 0
0.151512 0.269397 0
0.599301 0.884667 0
-0.651255 0.190164 0
-0.982759 -0.1721 0
0.871098 -0.466081 0
-0.446044 -0.486628 0
0.387049 -0.76429 0
-0.403074 0.432684 0
0.404734 -0.360752 0
-0.872994 0.68288 0
-0.653901 0.85783 0
0.705822 -0.580623 0
0.297411 0.648251 0
0.0507059 0.898914 0
0.501912 -0.366839 0
-0.241826 0.134755 0
-0.774038 -0.575581 0
0.90538 0.183876 0
0.0813924 -0.153516 0
-0.0385152 -0.0878534 0
0.322952 -0.558171 0
-0.0583485 -0.152623 0
0.462535 -0.460715 0
0.47734 0.790715 0
0.333901 -0.712196 0
0.907657 -0.564069 0
-0.396369 0.77171 0
0.953343 -0.83792 0
0.750108 -0.0215365 0
0.133383 0.58787 0
0.307846 -0.0465096 0
0.443488 -0.444866 0
0.517508 0.493393 0
0.734974 0.235922 0
-0.345094 0.570339 0
-0.914561 -0.750476 0
0.977805 -0.282783 0
-0.287739 -0.584374 0
0.438441 0.627137 0
-0.686511 0.725126 0
0.482673 -0.211013 0
-0.919063 -0.702627 0
-0.405127 0.607924 0
0.0129452 -0.979309 0
-0.671394 -0.162501 0
0.343372 -0.835127 0
0.209195 -0.475549 0
0.0598065 -0.999521 0
0.113994 -0.265429 0
-0.905969 0.485804 0
-0.680669 -0.206255 0
-0.498565 0.868125 0
0.371775 0.0447935 0
0.442998 0.279077 0
-0.0429455 -0.904459 0
0.0645599 -0.500526 0
-0.666151 0.311171 0
-0.456411 0.982424 0
0.203437 0.366409 0
-0.191823 -0.747452 0
-0.954923 0.919302 0
-0.42222 -0.969614 0
-0.0289103 0.898996 0
-0.635347 0.811031 0
-0.503 -0.58287 0
-0.42879 0.155931 0
0.6474 0.201832 0
0.349904 0.354738 0
-0.657629 0.548512 0
0.198756 0.295393 0
-0.325559 0.884362 0
-0.778177 0.111628 0
0.748127 -0.882173 0
0.829857 -0.0522432 0
0.159783 -0.433956 0
0.0273311 0.0632292 0
0.149186 0.216746 0
-0.644475 0.691226 0
0.135669 0.363124 0
-0.797305 0.243563 0
-0.171026 -0.247723 0
-0.138274 0.690623 0
-0.252506 0.306484 0
0.771462 0.0194267 0
-0.438091 -0.68819 0
-0.87677 0.277719 0
-0.520567 0.190474 0
-0.457848 -0.132318 0
0.170234 -0.289117 0
-0.385553 0.308048 0
-0.0671715 -0.405035 0
-0.911667 0.386999 0
0.940214 0.530537 0
0.582498 0.692278 0
0.664226 -0.376154 0
-0.355025 -0.897144 0
-0.917267 0.77915 0
-0.368236 -0.253344 0
0.889215 0.650414 0
-0.988602 0.217387 0
0.214497 -0.063457 0
0.091205 -0.366663 0
-0.470134 -0.598213 0
-0.157568 0.05082 0
-0.942543 0.526761 0
0.706146 0.000272274 0
-0.128717 0.446125 0
-0.102511 0.52391 0
-0.879624 0.865829 0
0.0456464 -0.0764285 0
-0.33568 0.501841 0
0.145932 -0.455556 0
0.99521 0.775565 0
-0.0793068 -0.302896 0
0.845277 -0.924483 0
-0.0395209 0.127073 0
-0.215573 -0.398433 0
0.599423 0.475811 0
-0.538904 0.823254 0
-0.512469 0.77994 0
0.48913 0.810525 0
-0.243225 -0.560407 0
0.00723696 -0.538699 0
0.238402 -0.302125 0
0.752442 0.529799 0
0.331786 0.0449221 0
-0.290201 -0.54468 0
0.790341 0.13927 0
0.764921 0.0799361 0
-0.276098 0.881933 0
-0.115489 0.656529 0
-0.320002 0.635474 0
-0.737624 -0.270553 0
-0.81241 -0.773945 0
-0.426208 0.750314 0
0.153048 0.372875 0
0.717858 -0.697892 0
-0.19213 0.303298 0
-0.942245 0.856973 0
0.635056 -0.67359 0
0.0823036 0.24036 0
0.324135 0.345634 0
-0.216179 0.890533 0
-0.00261277 -0.355784 0
-0.866563 -0.409143 0
-0.836184 0.481811 0
-0.460254 0.790365 0
-0.575139 0.676731 0
0.973889 -0.503468 0
-0.464202 0.291157 0
0.0421257 0.281534 0
0.232041 0.991798 0
-0.0958502 -0.988972 0
-0.392575 -0.757966 0
0.0676548 -0.816789 0
0.317584 0.623638 0
0.203827 0.868341 0
-0.437426 0.355336 0
0.419159 0.954937 0
-0.702298 -0.508197 0
-0.606512 0.582939 0
0.948597 0.33062 0
0.59855 0.2093 0
-0.388358 0.102486 0
0.72353 0.55125 0
-0.640428 -0.292681 0
0.506476 -0.895102 0
0.517651 -0.792798 0
-0.243077 -0.800159 0
-0.230198 -0.238361 0
-0.00597119 -0.289491 0
-0.971088 -0.125548 0
0.819533 -0.91928 0
0.344113 0.0434616 0
-0.387911 0.916489 0
0.652923 -0.792269 0
-0.01598 -0.426273 0
-0.0175278 -0.467493 0
-0.771259 -0.221959 0
-0.0638159 0.603832 0
-0.112566 -0.749278 0
-0.377297 0.85041 0
0.896627 0.32701 0
-0.214638 0.780528 0
0.831631 0.506922 0
0.168466 0.0960255 0
0.699789 0.363249 0
0.368 0.223592 0
-0.889852 0.794062 0
-0.172487 -0.456269 0
-0.170729 0.403282 0
0.860144 -0.316015 0
0.58567 0.624415 0
-0.608322 -0.586656 0
0.831667 0.30138 0
0.153173 -0.569096 0
0.428647 -0.0585333 0
0.689808 0.666963 0
0.0379325 -0.519738 0
-0.295177 -0.421177 0
0.45724 0.268927 0
-0.747854 0.285505 0
-0.882767 -0.433013 0
-0.811759 0.925203 0
0.693371 -0.955262 0
0.375449 -0.139632 0
-0.478144 0.387954 0
-0.382396 -0.129675 0
0.495528 -0.516331 0
0.883001 0.341215 0
0.698085 -0.950423 0
-0.646206 -0.0828004 0
-0.169612 0.422122 0
0.847448 0.758364 0
-0.592172 -0.874299 0
0.657108 -0.2101 0
0.288036 -0.319388 0
0.652202 -0.535455 0
-0.510239 0.503298 0
0.204336 0.902717 0
-0.0794984 0.577325 0
0.40922 0.281336 0
-0.660541 0.788027 0
0.678903 -0.504053 0
-0.548103 0.389035 0
0.77382 0.437341 0
-0.550547 0.999141 0
-0.965242 0.807506 0
0.307197 -0.387761 0
-0.97664 0.690507 0
-0.478673 0.168713 0
0.695112 -0.107989 0
-0.623374 -0.496459 0
-0.178016 0.750162 0
0.634141 0.0754434 0
-0.668229 0.679414 0
-0.326802 0.143531 0
0.295539 0.939275 0
0.374313 -0.00603604 0
-0.690596 0.826313 0
-0.853091 0.790899 0
0.401057 -0.914501 0
0.810029 -0.364121 0
0.919866 0.0327828 0
0.290323 0.746474 0
-0.125259 -0.183702 0
0.540469 0.343155 0
-0.401198 -0.963567 0
0.607519 0.977045 0
-0.18314 -0.831573 0
0.505303 0.470238 0
-0.288827 -0.256972 0
0.528145 0.959631 0
-0.711684 0.953464 0
-0.735407 0.171486 0
0.955503 -0.0509264 0
0.123084 0.353368 0
0.203802 -0.648936 0
-0.501715 -0.749524 0
-0.224504 0.598744 0
-0.440604 0.561187 0
-0.427051 0.246161 0
-0.445318 -0.529158 0
0.0610839 -0.364864 0
-0.318191 -0.0724385 0
0.310075 0.0693721 0
-0.766842 0.185279 0
-0.477981 0.0555279 0
0.106048 -0.958489 0
-0.379375 0.234587 0
-0.741775 -0.219428 0
-0.685241 -0.461067 0
-0.976303 -0.985897 0
-0.687149 -0.484858 0
0.593575 0.859279 0
0.615502 -0.770244 0
-0.310505 -0.130605 0
-0.696579 0.509668 0
0.478943 -0.0405511 0
0.559394 0.194897 0
-0.95629 -0.00689453 0
-0.0403221 -0.182379 0
0.747632 0.269497 0
0.904537 -0.963039 0
-0.761004 -0.534041 0
-0.754775 0.106343 0
-0.00812495 0.194638 0
-0.289405 0.572747 0
-0.386706 0.590254 0
-0.286003 -0.140346 0
0.945089 0.572941 0
-0.223672 0.622223 0
0.799169 0.50354 0
0.745532 0.174449 0
-0.226025 0.184813 0
0.279594 -0.566728 0
-0.156305 0.335297 0
0.743552 -0.824622 0
0.335362 0.76074 0
-0.886118 -0.103987 0
-0.437684 -0.404047 0
0.290591 0.858618 0
-0.377736 0.590507 0
0.0112523 -0.834459 0
-0.903388 0.0475249 0
0.820842 0.650395 0
-0.0240729 0.184722 0
0.681294 0.476322 0
0.58413 0.551517 0
0.915253 -0.425028 0
0.727982 0.555059 0
0.584656 -0.915886 0
-0.996516 0.594488 0
0.971925 -0.183895 0
-0.404714 -0.276863 0
0.185812 -0.233763 0
0.613839 0.607684 0
0.475524 0.197439 0
0.723557 0.347039 0
-0.113962 0.00464416 0
-0.884397 0.0169482 0
-0.294797 0.489551 0
-0.272025 0.440869 0
-0.196992 0.267284 0
0.709308 -0.0153841 0
-0.254206 -0.618282 0
-0.533071 -0.968023 0
0.556508 -0.636194 0
-0.12132 0.994282 0
0.601932 -0.551185 0
0.499941 0.433676 0
-0.607182 0.342366 0
0.0622959 0.475587 0
0.796379 0.893124 0
-0.223424 -0.25035 0
-0.273197 0.130133 0
-0.624807 -0.866852 0
0.832619 -0.226861 0
0.357867 0.862267 0
-0.373321 0.123074 0
-0.387469 0.833631 0
0.371616 0.480508 0
0.652477 -0.367971 0
0.116093 -0.399985 0
0.818227 0.927705 0
0.993455 -0.885157 0
0.313379 -0.0934534 0
-0.795179 0.127411 0
-0.892297 -0.589658 0
0.651649 0.108831 0
-0.414661 -0.106826 0
0.0705656 0.840876 0
0.938922 -0.265432 0
-0.286394 0.618023 0
0.352718 0.564917 0
-0.604237 -0.640261 0
-0.864574 0.868667 0
0.230803 -0.337394 0
0.55277 0.916778 0
0.981833 0.642951 0
0.654486 -0.550771 0
0.791778 0.391435 0
0.372749 0.473375 0
-0.0220067 0.853827 0
0.25043 -0.0762635 0
0.772083 -0.790239 0
0.337933 0.244059 0
0.893782 -0.850382 0
-0.232195 -0.0238141 0
-0.887952 0.763364 0
-0.429201 0.551602 0
-0.0132386 0.87562 0
0.954777 0.272717 0
-0.688964 -0.923661 0
0.194718 -0.628514 0
0.141052 0.841949 0
0.433572 -0.17016 0
-0.190499 -0.277824 0
0.411445 -0.269377 0
-0.479262 0.30608 0
-0.0582013 0.930931 0
0.0493174 -0.699066 0
-0.579077 -0.543257 0
0.768996 -0.32323 0
0.347871 0.626813 0
0.152744 -0.435577 0
0.708693 0.655346 0
0.416221 0.505513 0
0.370647 -0.483209 0
-0.791966 -0.927824 0
0.0243789 0.0835681 0
0.449281 -0.989207 0
-0.230498 -0.798798 0
0.837746 -0.913241 0
-0.295098 0.360544 0
0.110701 0.747094 0
0.207553 0.516544 0
0.895869 0.18771 0
0.818272 0.9771 0
-0.235962 -0.546221 0
0.312586 0.28915 0
0.532801 -0.113357 0
-0.0356845 -0.520957 0
-0.822114 0.262926 0
-0.860746 -0.7396 0
-0.412707 -0.350427 0
-0.894499 0.856991 0
0.626843 -0.0647558 0
-0.431791 -0.997169 0
0.898368 -0.46805 0
-0.0318131 -0.111164 0
-0.51042 0.0208017 0
0.959988 -0.559859 0
0.759867 0.269796 0
-0.75557 -0.152722 0
0.702754 -0.134633 0
0.152621 0.490969 0
-0.413111 -0.284086 0
-0.841913 -0.709129 0
-0.226546 -0.653195 0
0.645006 0.153925 0
0.366914 -0.129002 0
-0.777559 -0.78727 0
-0.552531 0.380297 0
0.680334 0.644015 0
-0.392694 -0.7972 0
0.256367 0.888631 0
-0.656024 -0.982145 0
0.831142 0.567659 0
0.808677 0.645639 0
-0.2037 0.112401 0
-0.571044 0.0712676 0
0.587626 0.531439 0
-0.143643 0.823499 0
0.136709 0.481371 0
-0.318153 -0.673615 0
-0.355033 0.104782 0
-0.195823 0.825693 0
0.868613 -0.612979 0
0.784802 0.425457 0
0.63713 0.974255 0
0.74425 -0.143137 0
-0.559864 0.48894 0
-0.278307 0.221791 0
-0.28342 0.111862 0
0.0749815 0.415614 0
-0.511142 -0.52719 0
-0.424984 -0.917353 0
0.265348 -0.133364 0
-0.8907 0.249065 0
-0.677609 -0.255658 0
-0.987499 -0.521382 0
0.94723 0.585742 0
-0.948301 0.843743 0
0.891675 -0.0242169 0
-0.577293 0.462469 0
-0.293013 -0.623395 0
0.131274 0.731857 0
0.424427 0.509098 0
0.38509 0.448566 0
-0.500088 0.449608 0
-0.65048 -0.642365 0
-0.405355 0.938407 0
-0.074094 -0.71523 0
-0.719965 -0.409299 0
0.637858 -0.731873 0
0.62901 0.359917 0
0.435041 0.136938 0
0.321175 -0.889457 0
-0.287339 0.903191 0
0.199202 0.854004 0
-0.990359 0.578058 0
0.199424 0.79529 0
-0.24252 -0.000347078 0
-0.270108 0.372393 0
-0.248028 0.226021 0
-0.9212 -0.707755 0
0.726614 -0.59485 0
0.286877 0.382459 0
-0.494093 -0.300047 0
0.433935 0.0200697 0
0.36324 0.600563 0
-0.933067 0.572084 0
0.721236 0.38064 0
-0.189295 0.881891 0
-0.769819 0.75692 0
0.37921 0.813925 0
-0.99801 -0.597666 0
-0.366647 0.899609 0
-0.173516 0.430353 0
0.62893 0.756166 0
-0.544301 -0.177757 0
-0.349278 -0.411874 0
0.831739 -0.385727 0
-0.326585 0.449066 0
0.220362 0.689928 0
-0.151898 0.184973 0
0.824248 -0.107983 0
0.591373 0.358679 0
0.0245651 -0.503429 0
0.977937 0.0369217 0
-0.760097 -0.861354 0
0.181651 -0.645604 0
-0.436806 -0.892116 0
-0.47257 -0.581034 0
-0.28402 0.685839 0
0.267286 0.446282 0
-0.569419 0.0124325 0
0.441161 0.756578 0
0.841959 0.35747 0
0.296169 -0.95727 0
0.781501 0.201737 0
0.0604657 -0.913841 0
0.245577 -0.550713 0
-0.18626 -0.754246 0
0.009161 0.204032 0
0.338598 0.640444 0
0.204601 0.472215 0
0.405909 0.610761 0
-0.685716 0.956356 0
-0.355029 0.421385 0
-0.729895 -0.779828 0
0.157063 -0.225335 0
-0.126645 -0.328015 0
0.118369 -0.0828627 0
0.770344 -0.824163 0
0.328231 0.290015 0
-0.552705 0.872407 0
-0.597938 -0.929777 0
-0.916471 0.297288 0
-0.224062 0.619215 0
0.313606 -0.201646 0
-0.203126 0.05975 0
-0.57305 0.972824 0
-0.0725918 0.354324 0
0.624837 0.804791 0
0.253848 -0.96019 0
0.951383 0.504406 0
-0.100864 -0.1443 0
-0.316174 -0.875702 0
-0.683253 -0.64701 0
0.651573 -0.339093 0
-0.405816 0.0518827 0
-0.6689 0.805487 0
-0.516493 0.829087 0
0.117573 -0.764557 0
-0.641624 -0.819127 0
0.746855 0.828479 0
0.0189955 -0.74093 0
0.968634 0.219448 0
-0.0125903 0.660383 0
0.634864 0.357783 0
-0.0405257 -0.64216 0
0.848577 0.171311 0
-0.6315 -0.599682 0
-0.615125 0.442103 0
-0.623662 -0.565856 0
-0.28475 -0.0834203 0
0.702551 0.730436 0
0.48618 0.120084 0
0.657119 0.576499 0
-0.0776269 -0.790555 0
-0.333486 0.324154 0
0.789128 0.873776 0
0.591119 -0.735031 0
0.227278 0.308315 0
-0.690113 0.20125 0
-0.160257 0.146319 0
0.796471 0.667286 0
0.2166 -0.507822 0
0.215943 0.217756 0
0.322184 -0.292718 0
-0.29815 -0.880597 0
-0.0740653 -0.640147 0
-0.0371898 0.312416 0
-0.944432 0.214962 0
-0.737189 0.567215 0
-0.728441 0.973561 0
0.494396 0.95685 0
0.845069 0.272627 0
0.679872 0.26899 0
-0.464239 0.315613 0
0.342519 0.320131 0
0.837382 0.343544 0
-0.537469 -0.309421 0
-0.723147 0.461703 0
0.444846 0.689049 0
-0.907649 -0.549161 0
-0.353693 0.607786 0
-0.971436 0.686214 0
-0.622312 0.568859 0
0.662146 0.780787 0
-0.311314 -0.211141 0
-0.747347 0.384823 0
-0.0772183 0.749016 0
0.393754 0.324119 0
0.487508 -0.656392 0
-0.391712 0.384218 0
-0.802308 0.936016 0
0.690545 -0.448859 0
0.839569 0.0720211 0
-0.580843 -0.643848 0
0.385963 0.642851 0
-0.361185 0.651983 0
-0.542537 -0.250837 0
-0.897826 0.635798 0
0.258213 0.975052 0
-0.781122 -0.547429 0
-0.625692 -0.83951 0
-0.978761 -0.164243 0
0.948405 0.573803 0
-0.576489 0.518754 0
0.470581 -0.219141 0
0.275298 0.548194 0
-0.293661 0.363877 0
-0.134649 0.590549 0
-0.556917 -0.487383 0
0.111922 -0.0134738 0
0.322598 -0.575335 0
-0.263453 0.244357 0
0.0742892 -0.419008 0
-0.628152 -0.66889 0
-0.880507 0.358091 0
-0.568022 -0.876219 0
0.674299 0.721504 0
0.72787 0.723345 0
-0.283297 -0.506727 0
-0.572833 -0.180762 0
0.985537 -0.537764 0
-0.865178 -0.0393632 0
-0.799119 0.146387 0
-0.069229 -0.405145 0
-0.964027 0.452931 0
0.129174 -0.0552892 0
-0.019154 0.444183 0
0.442774 -0.238544 0
-0.673412 0.249579 0
-0.501818 -0.753214 0
0.642662 -0.205956 0
0.908987 0.709372 0
-0.675745 -0.642651 0
0.339197 0.658831 0
0.338308 0.243771 0
0.853875 -0.187049 0
0.370334 0.673915 0
-0.197956 0.786102 0
-0.292684 0.929075 0
-0.113649 -0.0895429 0
0.137484 -0.221841 0
0.386069 0.643372 0
-0.224254 0.858263 0
0.722322 0.466096 0
0.173927 0.932692 0
-0.250245 -0.450127 0
-0.902634 -0.721393 0
0.973664 0.497674 0
0.712488 -0.545188 0
-0.670194 -0.7287 0
0.955021 0.0808372 0
-0.993489 -0.0690025 0
-0.936635 -0.820007 0
0.962634 -0.656283 0
-0.68713 0.0506122 0
0.975867 -0.165271 0
0.518012 0.443817 0
0.258562 -0.589648 0
0.134342 0.267143 0
0.638393 0.548773 0
0.582815 0.640143 0
0.0828478 0.418323 0
-0.574613 0.46329 0
-0.685724 0.244901 0
0.600127 -0.739758 0
0.390225 0.157301 0
0.798958 -0.187092 0
-0.860069 0.352897 0
-0.818616 -0.685637 0
0.867702 0.772265 0
-0.398149 0.849481 0
0.488349 -0.186228 0
-0.52886 0.0593293 0
0.438367 -0.340587 0
0.179037 0.811499 0
0.671287 0.0198909 0
0.330799 -0.319683 0
0.212423 -0.469837 0
-0.563884 0.421941 0
0.404868 0.379159 0
-0.409568 -0.926306 0
0.940353 -0.00911087 0
0.577418 -0.783264 0
0.115927 0.851466 0
-0.616803 -0.0443652 0
-0.811988 0.159086 0
-0.694834 -0.428965 0
-0.584647 -0.387345 0
0.319777 0.804012 0
-0.2379 0.745746 0
-0.686408 -0.652786 0
-0.396288 -0.234903 0
0.630145 -0.743892 0
-0.00362653 0.985249 0
-0.0336255 0.481768 0
-0.40132 -0.696535 0
-0.0663831 0.758304 0
0.631434 -0.237856 0
0.6874 -0.553042 0
0.588778 0.274604 0
0.2767 0.418491 0
0.379668 -0.583665 0
0.369138 -0.297158 0
0.122995 -0.972544 0
-0.84928 0.749387 0
-0.187374 0.623292 0
-0.993119 0.263935 0
0.718505 -0.537119 0
0.862682 -0.838886 0
-0.231163 -0.328036 0
-0.773661 0.202788 0
0.906522 -0.881036 0
-0.745089 -0.660649 0
-0.679769 0.125353 0
-0.0569463 -0.436045 0
-0.160722 -0.533876 0
-0.815455 -0.197944 0
-0.222625 0.14664 0
-0.814652 0.00936937 0
-0.954321 0.349785 0
-0.511087 -0.488472 0
-0.128704 0.615405 0
0.484624 -0.482607 0
-0.718465 0.9127 0
0.540861 -0.0851634 0
-0.746254 0.943092 0
-0.35946 -0.266157 0
0.107788 -0.54405 0
0.197124 0.771408 0
0.180192 0.360516 0
-0.378581 -0.193954 0
-0.724304 -0.0853404 0
-0.253829 -0.972254 0
0.0414842 -0.195712 0
-0.0645436 -0.0191941 0
-0.329499 0.736025 0
-0.185402 -0.503653 0
0.920687 0.548845 0
0.685874 -0.911827 0
0.859392 0.715359 0
-0.419185 -0.429313 0
-0.834169 0.607603 0
-0.48099 -0.466708 0
-0.0296358 -0.372663 0
0.902036 0.250707 0
0.180057 -0.534988 0
-0.0487827 -0.517509 0
0.487017 -0.104103 0
-0.867173 0.911516 0
-0.188776 0.503376 0
-0.930304 0.45488 0
-0.27304 -0.737599 0
-0.778274 0.819981 0
0.343942 -0.630667 0
-0.224514 -0.780131 0
0.0359235 0.282823 0
0.122906 0.119041 0
0.265719 -0.880249 0
0.703398 0.29662 0
0.683198 -0.786934 0
0.502281 -0.903652 0
-0.294643 0.123387 0
-0.334862 0.901167 0
-0.914159 0.858842 0
0.12757 0.0732231 0
-0.813374 -0.50057 0
0.671205 -0.988245 0
-0.524024 0.28151 0
0.575935 0.414514 0
0.0474367 0.939215 0
-0.400248 0.668512 0
-0.305707 -0.289489 0
-0.238113 -0.266538 0
0.822936 -0.239841 0
-0.61441 -0.173447 0
-0.636424 0.242251 0
0.0375077 -0.679175 0
0.62405 0.826078 0
0.160591 -0.08553 0
-0.60746 0.355811 0
0.171928 -0.222136 0
-0.82365 -0.620651 0
-0.481344 0.963846 0
-0.782621 0.0644209 0
0.169534 0.422036 0
-0.250513 -0.0635902 0
0.831714 0.998597 0
-0.780732 0.958946 0
-0.759314 0.962832 0
-0.655896 -0.938854 0
-0.7619 0.575308 0
-0.835946 -0.363666 0
-0.188572 -0.128541 0
-0.118682 0.648708 0
0.621661 0.205448 0
0.828224 -0.703506 0
-0.049931 0.58035 0
0.800031 0.355861 0
0.789409 0.476745 0
-0.243255 0.694944 0
0.945432 0.752501 0
0.711815 -0.52995 0
-0.555851 -0.0659882 0
0.311844 0.476357 0
-0.676413 -0.00320238 0
0.389194 0.143393 0
0.331157 0.326006 0
-0.810228 0.961076 0
-0.318736 -0.539409 0
-0.626134 0.565783 0
0.582709 -0.297093 0
0.698746 -0.530756 0
-0.0555621 0.413108 0
0.722952 0.657024 0
-0.296009 -0.136865 0
0.622949 -0.864423 0
-0.627891 0.996445 0
0.188604 -0.738994 0
0.554658 0.241347 0
-0.253392 -0.433792 0
-0.268172 -0.458486 0
-0.434752 -0.0181572 0
-0.755156 -0.90651 0
0.0963842 0.132089 0
-0.284817 0.883397 0
0.103051 -0.0175148 0
-0.928086 -0.896913 0
0.734043 -0.339892 0
-0.991083 0.690513 0
-0.0256021 0.193183 0
0.883664 -0.0262789 0
0.00166249 -0.966198 0
-0.738624 0.824376 0
-0.996898 0.764666 0
0.544648 -0.470765 0
0.908727 0.128508 0
0.379743 0.885191 0
-0.831975 0.324016 0
0.520129 -0.186678 0
-0.412284 -0.0102909 0
0.463285 -0.716699 0
-0.0246161 0.143291 0
0.755031 0.727547 0
0.743194 0.648898 0
0.273021 -0.750181 0
-0.655288 0.785804 0
0.532336 -0.994496 0
-0.599542 -0.724632 0
-0.480714 0.892482 0
0.509275 0.884318 0
-0.718871 -0.549355 0
0.32153 -0.02964 0
-0.527019 0.323101 0
0.0296998 -0.995396 0
-0.727239 0.75978 0
-0.694555 0.0103357 0
0.011131 0.83875 0
0.973818 -0.0460376 0
-0.646842 -0.634732 0
0.0463564 -0.856056 0
0.974127 0.284266 0
-0.52297 0.670581 0
-0.000837207 0.538066 0
-0.475008 -0.758465 0
-0.861806 0.588943 0
0.170686 -0.640527 0
-0.882458 0.458573 0
0.391231 0.476243 0
-0.233562 -0.527636 0
0.188647 -0.340578 0
0.58519 -0.775653 0
-0.115837 -0.0114416 0
-0.895771 0.910667 0
-0.412093 -0.451589 0
0.632052 -0.294981 0
-0.925157 0.972421 0
-0.496986 0.848033 0
0.520011 0.53984 0
-0.706064 -0.977394 0
-0.841538 -0.261602 0
0.733876 -0.0371412 0
-0.674667 -0.342892 0
0.1027 0.551841 0
0.344528 0.253846 0
-0.201248 -0.546347 0
-0.728214 0.758875 0
-0.84356 -0.534922 0
0.257125 -0.569775 0
0.914012 -0.671923 0
0.772275 -0.530379 0
0.7291 0.423218 0
-0.371763 -0.616485 0
0.458877 -0.960472 0
0.910143 0.165394 0
-0.172322 -0.0221701 0
-0.880491 -0.492575 0
0.275291 0.42031 0
0.818399 0.332357 0
-0.078006 0.224939 0
-0.0881186 -0.997833 0
-0.579631 -0.611884 0
0.117503 -0.707049 0
0.336849 0.200879 0
-0.422042 -0.918943 0
0.459538 0.699857 0
-0.424169 -0.181785 0
-0.296321 0.634231 0
-0.589209 -0.730777 0
-0.24863 0.290119 0
-0.723324 -0.48196 0
0.695505 -0.624438 0
-0.596052 0.492258 0
-0.364002 -0.267388 0
-0.160051 0.956076 0
0.453693 -0.571111 0
0.0553061 0.362062 0
-0.412731 0.94346 0
0.131353 -0.0424454 0
-0.010273 -0.362993 0
-0.970554 -0.0316395 0
0.320902 -0.707733 0
-0.885416 -0.81037 0
-0.589962 -0.625072 0
-0.781381 -0.574494 0
0.103082 -0.646665 0
-0.937113 0.924989 0
-0.473327 -0.288344 0
-0.426825 -0.55539 0
0.328705 0.386295 0
0.318998 0.711675 0
-0.727284 0.956505 0
-0.879948 -0.112373 0
0.451062 -0.760328 0
0.406613 -0.778075 0
0.372186 -0.686738 0
-0.0241271 0.471944 0
-0.593477 0.690619 0
0.443215 0.380696 0
-0.593081 -0.132784 0
-0.232382 0.591356 0
0.868828 0.412868 0
-0.91575 0.704457 0
0.277167 -0.948916 0
0.0414646 0.615267 0
0.349356 -0.935211 0
0.105423 0.643615 0
-0.0789522 0.649417 0
-0.300006 -0.548927 0
0.674162 0.671956 0
-0.729226 0.065595 0
-0.764903 0.694679 0
-0.842603 -0.0893319 0
-0.883267 0.0347322 0
-0.916344 -0.0650049 0
0.488714 0.522485 0
-0.926042 0.0431433 0
0.18113 0.786215 0
0.528851 0.102269 0
0.394632 0.295743 0
-0.943078 0.798486 0
0.301305 0.860507 0
0.301942 0.045337 0
-0.309211 0.0965357 0
0.432265 -0.541257 0
0.582515 0.732408 0
0.753165 0.0039326 0
0.222093 -0.967974 0
-0.131735 0.112728 0
0.580539 0.311301 0
-0.964002 -0.0411867 0
0.193789 0.896183 0
-0.399125 -0.337737 0
0.887205 0.0565926 0
-0.371516 0.952947 0
0.313749 -0.00704992 0
0.0196949 0.69746 0
0.395688 -0.368462 0
-0.561988 -0.921615 0
-0.889109 0.0225586 0
0.699711 0.882555 0
0.651608 -0.659705 0
-0.706231 0.985378 0
-0.37724 0.0467129 0
-0.937932 0.24731 0
-0.73425 -0.588935 0
-0.295535 0.915919 0
0.331751 0.715629 0
-0.834254 -0.630624 0
0.154361 0.914623 0
0.000451326 0.762157 0
-0.838423 -0.117873 0
-0.769583 0.951613 0
0.320404 -0.000692666 0
-0.837093 -0.840435 0
-0.0514559 -0.870237 0
0.856622 -0.976683 0
-0.0949697 -0.164569 0
-0.225364 0.279541 0
0.159995 0.581793 0
-0.799644 -0.156881 0
0.446095 -0.554103 0
0.499412 0.84697 0
-0.466453 -0.793479 0
0.442567 -0.569265 0
0.890582 0.638916 0
-0.200007 0.40467 0
0.778552 0.679405 0
-0.450505 0.186173 0
-0.487286 0.889663 0
-0.787115 -0.830478 0
-0.956039 0.444246 0
-0.922487 -0.822039 0
-0.566237 0.534091 0
0.283977 -0.128897 0
-0.223925 -0.572737 0
-0.595607 0.918768 0
0.321566 0.761024 0
-0.0457253 0.995093 0
0.834332 0.904731 0
0.887528 -0.0864686 0
0.530729 -0.935583 0
0.933083 -0.916494 0
0.384473 0.298863 0
-0.740224 0.224626 0
0.196711 0.017424 0
0.236616 0.390859 0
0.272715 0.736141 0
-0.671327 0.308856 0
-0.200259 -0.133274 0
-0.550199 0.548543 0
-0.54308 -0.00266969 0
0.215079 -0.949684 0
-0.232859 -0.872213 0
0.879869 0.517273 0
-0.338795 0.669923 0
0.752594 -0.571974 0
0.854626 -0.910222 0
0.389832 0.301888 0
0.426596 0.165968 0
0.70937 -0.185004 0
-0.235761 0.240434 0
0.754649 0.0563551 0
0.0405838 -0.585417 0
-0.996987 -0.743457 0
-0.786202 -0.117029 0
-0.753128 -0.280769 0
-0.769127 -0.388986 0
-0.17665 0.5537 0
0.444609 0.118681 0
-0.619744 0.951581 0
0.0462568 0.414702 0
0.0908629 0.697294 0
-0.349686 -0.498555 0
-0.60984 -0.347923 0
0.323575 -0.172089 0
-0.754985 -0.137085 0
0.0187464 0.756435 0
-0.155379 -0.388731 0
0.79373 0.260411 0
0.0385844 -0.746558 0
-0.247916 -0.775906 0
0.492109 -0.243151 0
0.871572 -0.0103512 0
0.94614 -0.0639128 0
0.693925 -0.0316477 0
0.196809 0.951161 0
0.998705 0.215482 0
-0.810778 0.135145 0
-0.244646 0.418995 0
-0.448534 -0.671326 0
0.841779 0.71532 0
0.809379 0.711397 0
-0.823207 0.397034 0
-0.505729 -0.621237 0
-0.63271 0.246584 0
-0.967522 0.533689 0
-0.095763 0.0994034 0
0.887303 -0.888974 0
0.0550582 0.273955 0
-0.683918 -0.980381 0
-0.965603 -0.577912 0
-0.95407 0.754753 0
0.962468 -0.490277 0
0.0989959 0.494872 0
0.393489 0.789724 0
0.826018 -0.236074 0
-0.908566 0.117882 0
0.611262 0.0665153 0
-0.362129 0.723479 0
0.11369 0.444196 0
0.127349 -0.422491 0
0.862594 -0.48403 0
0.188717 -0.986913 0
-0.44309 0.634416 0
-0.707503 -0.925233 0
0.648568 0.940122 0
-0.171927 -0.364053 0
0.159873 0.157345 0
0.997673 0.62822 0
-0.128693 -0.24789 0
0.927538 -0.151744 0
-0.0910852 -0.417674 0
0.561768 -0.767302 0
-0.274781 0.120807 0
-0.300679 -0.0529658 0
-0.188909 0.6484 0
0.813837 0.194259 0
-0.090264 -0.780364 0
-0.7497 -0.36464 0
-0.171809 -0.599686 0
0.456716 0.586271 0
0.981346 0.639915 0
-0.775237 -0.937935 0
0.623956 -0.0170013 0
0.643932 -0.886957 0
0.536615 -0.30106 0
-0.596152 0.969594 0
0.078674 0.614652 0
0.410576 -0.652936 0
-0.660394 -0.386343 0
-0.297771 -0.0778816 0
-0.991576 0.40564 0
-0.971663 0.0106622 0
0.833972 -0.403002 0
-0.630128 0.911593 0
-0.796414 0.120575 0
0.0334895 0.793344 0
-0.371767 0.298048 0
-0.66778 -0.45087 0
0.484631 0.386147 0
-0.171048 -0.423616 0
0.0211856 0.436554 0
-0.840391 -0.539751 0
-0.807357 -0.471456 0
-0.150833 -0.621618 0
-0.751971 -0.651305 0
0.633776 -0.930716 0
-0.538816 -0.800263 0
0.396866 0.867566 0
-0.0917579 0.726096 0
-0.421973 -0.593851 0
0.827301 0.754699 0
0.933881 0.35097 0
0.0110161 -0.728876 0
-0.631521 0.801489 0
-0.832874 0.0578328 0
0.840933 -0.910867 0
-0.646465 0.578853 0
0.723328 0.900716 0
0.716547 0.945626 0
0.259253 0.00209236 0
0.943507 -0.677189 0
-0.882911 -0.658381 0
0.472664 0.552394 0
-0.604152 0.0771683 0
-0.384465 0.849478 0
-0.809924 0.859881 0
0.212752 -0.150012 0
-0.220838 0.307696 0
0.163964 0.0669034 0
0.828011 0.935108 0
-0.213388 -0.478514 0
-0.926405 -0.0579531 0
0.564288 -0.031433 0
-0.912868 -0.449619 0
0.28135 -0.720171 0
0.506903 0.641235 0
-0.49829 -0.909339 0
-0.388154 0.877871 0
0.988891 0.856449 0
-0.419748 0.7254 0
-0.289919 0.494055 0
0.731294 0.467245 0
-0.802134 0.873823 0
0.84189 -0.465677 0
0.865163 0.774644 0
0.740441 0.250677 0
0.338657 0.380132 0
-0.716171 -0.12359 0
0.672135 -0.483037 0
0.797934 0.842206 0
-0.598418 -0.981938 0
0.759404 -0.192888 0
-0.417633 0.705782 0
0.844007 0.971116 0
-0.0238896 0.843834 0
-0.812722 -0.117328 0
0.438575 0.520118 0
0.196681 -0.288693 0
-0.761794 0.442742 0
0.970811 0.527355 0
0.797254 0.184974 0
0.43988 -0.47103 0
0.966424 0.794976 0
0.321942 0.985845 0
0.227005 -0.922078 0
0.986796 0.521974 0
-0.0325541 -0.734272 0
-0.643037 0.2403 0
0.822319 0.121484 0
-0.35305 0.0076592 0
0.847324 -0.770673 0
0.108272 -0.135227 0
-0.114949 -0.274253 0
-0.932054 -0.930337 0
0.935097 0.784391 0
-0.962744 0.269581 0
0.854298 0.311766 0
0.101505 -0.677741 0
0.291566 0.645326 0
0.861147 0.109077 0
0.056269 -0.180701 0
-0.596796 0.919945 0
0.359289 0.0873479 0
0.314855 -0.9868 0
0.200218 0.586366 0
-0.428558 0.654122 0
-0.413611 0.353281 0
0.931764 -0.1405 0
-0.830072 -0.702424 0
0.0723455 0.0663601 0
0.763016 0.977525 0
-0.46895 -0.225435 0
0.983182 -0.377913 0
0.185578 0.925314 0
-0.273571 -0.841513 0
-0.554767 -0.539789 0
0.0736418 -0.372163 0
0.617092 -0.51133 0
-0.485852 0.230095 0
-0.00206375 0.924178 0
0.166374 -0.122044 0
0.11883 -0.454525 0
0.308209 -0.274789 0
0.766257 0.501763 0
-0.781447 -0.306732 0
-0.707333 -0.104378 0
0.375115 -0.849861 0
0.57902 0.357294 0
0.865133 0.802531 0
0.715092 -0.845726 0
0.394521 0.825016 0
0.464296 0.109276 0
0.91137 -0.0308636 0
0.508506 0.917869 0
-0.63149 0.33298 0
0.378226 0.64276 0
-0.744675 0.125765 0
-0.0757103 -0.532864 0
0.558798 -0.680215 0
0.986392 0.521793 0
0.212631 -0.949598 0
-0.857136 0.191293 0
0.632942 0.187402 0
-0.717108 0.8719 0
-0.104334 0.499486 0
0.0279164 0.830165 0
0.175548 0.863749 0
-0.605408 0.278528 0
0.700876 -0.248239 0
-0.228335 -0.639958 0
-0.170346 0.588103 0
0.234912 -0.0172888 0
-0.509529 -0.743435 0
-0.248494 -0.457866 0
0.246767 0.957521 0
0.560437 0.41484 0
-0.187217 0.17503 0
-0.173788 0.133491 0
-0.942385 0.505278 0
-0.886592 0.208526 0
-0.571951 0.584236 0
0.0852211 0.873964 0
-0.0566616 0.27156 0
0.64804 -0.489199 0
0.190725 -0.647711 0
-0.743643 -0.945947 0
0.506721 0.755745 0
-0.761145 -0.423849 0
0.950425 0.788031 0
-0.779321 -0.667342 0
0.359405 -0.500623 0
-0.116858 -0.668136 0
0.478161 0.277979 0
0.792086 0.136646 0
-0.291275 -0.998694 0
0.470323 0.423777 0
-0.703697 0.124711 0
0.746118 -0.802119 0
-0.994718 -0.110188 0
-0.915315 0.494718 0
0.910161 0.325243 0
0.680427 0.572528 0
0.508019 0.418641 0
0.193768 0.57634 0
0.204135 -0.486945 0
0.150599 0.134021 0
0.88984 -0.22741 0
-0.616311 -0.688581 0
-0.045431 0.0328425 0
0.14628 0.332504 0
0.514048 0.735782 0
-0.250762 -0.838043 0
0.0281947 0.738884 0
-0.882995 0.401242 0
0.175851 -0.67832 0
0.327705 -0.086183 0
-0.828347 -0.433459 0
-0.789131 -0.712354 0
-0.0677035 0.762333 0
-0.432972 0.349256 0
-0.370896 -0.369693 0
0.194571 0.139877 0
0.0536919 -0.927382 0
-0.711833 0.373573 0
-0.462793 0.888571 0
-0.440428 -0.216805 0
0.00442493 0.228191 0
-0.490459 -0.812313 0
0.614038 -0.534178 0
-0.0903657 -0.0799607 0
0.532173 0.861793 0
0.275765 -0.605933 0
-0.694644 0.139572 0
-0.244852 0.43256 0
0.611657 0.737965 0
0.436205 0.383153 0
-0.0145537 -0.195281 0
-0.260901 -0.943826 0
-0.556788 0.233027 0
-0.655737 0.67854 0
0.989119 -0.330936 0
0.768978 -0.501904 0
-0.959149 -0.755992 0
0.844655 -0.178174 0
0.165698 -0.00513351 0
0.892031 0.362486 0
0.950366 0.977563 0
-0.883517 -0.0902212 0
-0.967971 -0.0324724 0
-0.671701 0.231111 0
0.671382 0.170403 0
-0.731335 0.639597 0
-0.348522 0.792337 0
0.718876 0.645114 0
-0.472855 0.355677 0
0.389361 0.838758 0
0.740339 0.27041 0
-0.147462 -0.661881 0
0.759129 -0.179597 0
0.893661 0.370052 0
-0.607418 0.628488 0
-0.710335 0.346202 0
0.403778 0.164762 0
-0.493619 -0.551652 0
-0.904197 -0.203615 0
-0.388671 0.82626 0
-0.823293 -0.737168 0
0.615289 -0.685765 0
0.967865 -0.901422 0
-0.900433 -0.378383 0
-0.334642 0.564993 0
0.119481 0.703431 0
0.514382 -0.528431 0
0.143396 0.813446 0
-0.829593 0.485575 0
0.982791 0.921952 0
0.614304 0.406382 0
0.0512851 0.434999 0
0.774304 -0.675973 0
-0.527149 -0.813391 0
0.159819 -0.00603491 0
-0.0183747 -0.624692 0
-0.531191 -0.283659 0
-0.745351 -0.0948047 0
-0.480092 0.45062 0
0.713059 -0.541079 0
0.053314 -0.108146 0
-0.808198 0.871468 0
0.23895 0.567176 0
0.465778 0.214858 0
0.0858285 -0.828645 0
-0.542805 0.234232 0
-0.169225 0.150543 0
0.690276 0.141177 0
-0.262609 -0.334118 0
0.757711 0.680623 0
-0.277719 -0.506733 0
0.269946 -0.493599 0
0.29286 0.239184 0
0.0573573 -0.698429 0
-0.814892 0.00889552 0
-0.259256 0.295914 0
-0.665062 0.589182 0
-0.961 0.260976 0
-0.71604 0.760318 0
-0.597817 -0.86216 0
0.757111 0.230788 0
0.917227 0.0276836 0
-0.207979 -0.183849 0
-0.220234 0.158976 0
-0.449517 0.0990771 0
-0.704423 0.996172 0
-0.578429 -0.535605 0
0.230329 -0.16882 0
-0.67146 -0.711421 0
-0.685953 -0.105347 0
-0.304127 0.572804 0
-0.368667 0.193463 0
-0.899423 0.930515 0
0.355738 -0.313597 0
-0.789772 0.0751303 0
-0.672804 -0.220132 0
-0.220963 -0.576407 0
0.82725 0.384726 0
-0.750098 -0.458545 0
-0.726666 0.863485 0
0.975898 0.160495 0
-0.0488031 -0.50156 0
-0.96458 -0.441826 0
-0.36269 0.953239 0
0.969931 -0.0988261 0
0.264088 0.340493 0
-0.23033 -0.85131 0
0.434908 -0.69374 0
0.523406 -0.595345 0
-0.327966 -0.326784 0
-0.914762 0.766912 0
0.296817 0.161403 0
-0.802263 0.499076 0
-0.528508 0.277712 0
-0.835601 0.0727752 0
0.452818 -0.703639 0
0.839515 0.843463 0
-0.318937 -0.788626 0
0.147071 0.468981 0
0.25289 0.484826 0
-0.303173 0.0811765 0
-0.885588 -0.484867 0
-0.341454 -0.463125 0
0.666229 -0.711468 0
0.370215 -0.96817 0
-0.608644 -0.309403 0
-0.287972 0.0967712 0
0.851064 -0.684304 0
0.925287 -0.783918 0
0.0316337 0.85061 0
0.1223 -0.894446 0
0.400458 -0.527941 0
0.409976 -0.438145 0
0.935598 -0.448544 0
0.934762 -0.144433 0
0.195472 -0.229092 0
0.958084 -0.033407 0
0.17364 -0.793806 0
0.548812 0.710917 0
0.15433 0.673774 0
0.77676 -0.238238 0
0.650252 -0.974406 0
-0.520037 -0.507263 0
-0.986551 0.516123 0
0.868502 -0.612218 0
-0.0728574 -0.728743 0
-0.824803 -0.991661 0
-0.378809 0.373219 0
0.325245 0.478137 0
0.230464 -0.717067 0
0.618162 -0.0766029 0
0.335902 0.744226 0
0.145506 0.0490582 0
0.875948 0.415398 0
0.584201 -0.229019 0
0.472161 -0.149165 0
0.556517 0.671489 0
0.459058 -0.853506 0
0.11332 0.361997 0
0.813169 0.771306 0
0.851132 0.136384 0
-0.366585 0.0308686 0
-0.142923 0.931566 0
0.82948 -0.39286 0
-0.478048 0.417813 0
0.777543 0.185533 0
0.0295213 0.335471 0
0.259072 0.64936 0
0.375534 -0.779572 0
-0.77175 -0.0367032 0
-0.806957 0.581028 0
0.0758276 0.742139 0
0.517616 0.913183 0
-0.393967 0.0992423 0
0.329996 0.0920511 0
0.596464 -0.379341 0
-0.92446 0.541617 0
-0.41336 -0.822687 0
0.988675 -0.140711 0
-0.0575703 -0.0413648 0
-0.806238 -0.56513 0
0.374564 0.472216 0
-0.730786 0.568818 0
0.644648 0.269917 0
0.374896 0.546203 0
0.641195 0.656321 0
-0.851937 -0.606514 0
0.0982926 0.757703 0
0.737257 0.799844 0
-0.425808 0.986205 0
-0.622556 -0.211981 0
0.779399 -0.456986 0
-0.0383899 -0.157167 0
0.047506 0.329731 0
0.558353 0.549274 0
0.595986 -0.0507305 0
0.0363802 0.460712 0
0.180888 -0.0810952 0
-0.00829536 0.202989 0
-0.481882 0.794411 0
0.81448 -0.913966 0
-0.775481 -0.35167 0
0.762201 0.585876 0
-0.771119 0.198866 0
0.534315 -0.0563321 0
0.817969 -0.409598 0
-0.758321 -0.144154 0
-0.0769204 -0.667664 0
-0.617065 0.0172715 0
-0.265148 0.659833 0
-0.694942 -0.364353 0
0.623571 -0.538111 0
-0.474647 -0.806486 0
0.0937077 0.294606 0
0.343964 -0.318317 0
-0.164811 0.0921553 0
0.332745 0.0698858 0
-0.0935657 0.73916 0
0.113168 0.201355 0
-0.588549 0.355079 0
0.0553845 -0.812242 0
0.754944 0.373188 0
-0.159038 -0.665773 0
0.562792 -0.815046 0
-0.617542 0.0737683 0
0.594334 -0.0893748 0
0.676694 0.818207 0
-0.902279 -0.836852 0
-0.550999 0.141087 0
-0.839485 -0.568073 0
-0.234098 -0.238606 0
0.285939 0.367729 0
-0.995644 0.937662 0
0.781086 -0.105427 0
0.89125 -0.104257 0
0.264988 0.620041 0
-0.410411 -0.579431 0
0.542865 -0.215206 0
0.392136 0.727623 0
-0.307426 0.836681 0
-0.693834 -0.177033 0
0.058395 -0.673774 0
-0.0445896 -0.705383 0
0.371838 0.0873467 0
-0.896343 -0.078263 0
0.777561 0.00316787 0
0.457092 -0.267992 0
-0.625967 -0.834007 0
-0.0374631 0.673401 0
0.13736 0.546107 0
-0.155356 -0.347316 0
0.836835 0.070066 0
-0.37147 -0.248468 0
0.427048 -0.747389 0
0.23937 -0.575637 0
-0.304191 0.678535 0
-0.0707589 0.550887 0
-0.49363 0.0849525 0
-0.74582 0.259302 0
0.773857 -0.0267623 0
0.542638 0.0662614 0
-0.446015 -0.215857 0
-0.965883 -0.252928 0
-0.99579 -0.223958 0
-0.169073 0.536368 0
0.64826 0.651092 0
-0.0966455 -0.558645 0
-0.80393 0.739025 0
0.893203 -0.321241 0
-0.738003 -0.566667 0
-0.385051 0.272688 0
0.96787 -0.720658 0
0.0898532 -0.998367 0
-0.694322 -0.406458 0
-0.226648 -0.422692 0
0.772575 0.430155 0
-0.437189 -0.975824 0
0.455247 -0.916109 0
0.700071 -0.297936 0
-0.291722 0.156793 0
-0.849532 -0.0869859 0
-0.0505881 -0.915049 0
0.00610864 -0.909384 0
0.237935 0.285472 0
0.744609 0.104549 0
-0.0577893 0.446137 0
-0.9662 -0.793942 0
0.801765 -0.931621 0
0.314505 0.623504 0
0.905734 -0.83771 0
0.644351 0.0779656 0
0.553767 -0.254658 0
0.946099 -0.247718 0
0.456573 -0.594022 0
-0.943909 -0.568064 0
-0.418796 -0.677845 0
-0.275239 0.867168 0
0.357134 0.267937 0
0.643471 0.970259 0
-0.0273018 -0.907407 0
0.600458 0.0339137 0
0.748966 0.88188 0
0.198372 0.591226 0
0.530847 -0.0578685 0
0.751823 0.260152 0
0.584179 0.994654 0
0.280347 -0.838914 0
0.013235 0.416208 0
0.663298 0.95364 0
-0.852909 0.839343 0
-0.270142 0.316664 0
0.642862 0.0983299 0
0.413114 -0.390409 0
0.445445 -0.600099 0
0.515825 0.718342 0
-0.687936 -0.972998 0
-0.221503 -0.973956 0
0.00618076 0.684713 0
0.644427 0.886343 0
-0.284745 0.280687 0
0.41842 -0.912157 0
0.462792 -0.732714 0
0.575079 -0.824197 0
0.0441042 0.570876 0
-0.485909 -0.290214 0
-0.814845 -0.846924 0
0.474786 -0.583469 0
0.756346 -0.222446 0
-0.751157 0.379298 0
0.593994 0.913581 0
-0.34866 0.883631 0
0.197531 0.223297 0
0.609645 -0.928196 0
-0.155908 -0.22307 0
-0.599957 -0.285364 0
-0.029783 -0.963582 0
0.607676 -0.799794 0
-0.211039 0.696871 0
0.766623 0.424899 0
0.00317204 -0.689641 0
-0.830779 -0.844378 0
0.33507 -0.896425 0
-0.85462 -0.58087 0
-0.760617 0.102618 0
-0.354836 -0.427336 0
-0.306362 -0.332821 0
-0.157467 -0.470886 0
0.743363 -0.342235 0
-0.384317 -0.0654314 0
0.483191 -0.387038 0
-0.35245 0.966249 0
-0.559477 -0.135272 0
0.225633 -0.35854 0
0.603042 -0.751943 0
0.443291 -0.472824 0
-0.432496 0.265983 0
0.702908 -0.409589 0
0.523203 0.961002 0
-0.788467 0.312373 0
0.710477 -0.229064 0
0.56025 -0.0351819 0
-0.384175 -0.239198 0
0.791921 -0.995563 0
0.866138 0.607953 0
0.390953 -0.378385 0
-0.503698 -0.542631 0
0.69672 0.913929 0
0.846077 0.617395 0
0.175127 0.907051 0
0.686526 -0.945425 0
0.375853 -0.223197 0
0.853808 -0.736687 0
-0.0543297 -0.775294 0
0.697972 0.540557 0
-0.610275 0.638872 0
0.861371 0.671577 0
0.0270345 0.13841 0
0.253504 0.732654 0
0.118927 -0.672058 0
-0.0982957 0.265613 0
-0.330654 0.94014 0
0.223764 0.802854 0
-0.520816 0.873407 0
-0.282559 -0.186343 0
0.761633 -0.596812 0
-0.345339 -0.804147 0
-0.454093 0.0859255 0
-0.571118 0.0160806 0
-0.306961 -0.492399 0
0.491948 -0.0151367 0
0.527428 -0.137549 0
0.0604885 0.389783 0
0.621797 -0.794531 0
0.819296 0.287134 0
-0.696789 -0.896289 0
0.915709 -0.205088 0
-0.928093 0.377466 0
0.885341 0.539322 0
0.0854878 -0.750436 0
-0.423958 -0.549813 0
-0.199239 0.068958 0
-0.752328 -0.246618 0
0.00478947 -0.143946 0
-0.494601 -0.785814 0
0.0436711 -0.806394 0
0.292047 0.11178 0
0.78444 -0.227746 0
0.453691 -0.699779 0
-0.115063 0.403376 0
0.687374 0.793593 0
-0.0568781 -0.120215 0
-0.926663 0.769999 0
-0.939372 -0.911309 0
-0.731378 0.291516 0
0.699696 0.492223 0
0.312771 -0.662729 0
-0.336353 0.255978 0
0.613938 0.945421 0
-0.0010761 -0.960714 0
0.156536 -0.668293 0
0.488616 0.568313 0
-0.700245 0.766624 0
0.422181 -0.591674 0
-0.384093 0.688062 0
-0.017149 0.129124 0
-0.901956 0.194918 0
-0.499214 0.349905 0
-0.72307 -0.569132 0
-0.165378 0.563783 0
-0.0922692 0.453002 0
-0.820906 -0.806233 0
-0.31989 0.977904 0
-0.15238 -0.408757 0
0.00556338 -0.190933 0
0.546647 -0.270339 0
-0.138531 0.07285 0
0.900522 -0.267352 0
0.703813 0.270706 0
0.73222 0.781108 0
0.162637 -0.846999 0
-0.361335 -0.708795 0
0.773309 0.0734658 0
-0.388539 0.0484684 0
-0.740277 -0.770736 0
-0.108617 0.812172 0
-0.288768 -0.958232 0
0.137105 -0.518379 0
-0.216778 -0.652516 0
-0.657968 0.86717 0
0.313627 -0.652561 0
0.703005 0.197402 0
-0.0398827 0.931861 0
0.633577 0.0571002 0
0.219674 0.695029 0
0.272135 0.67345 0
0.045293 0.032948 0
-0.014226 -0.175222 0
-0.0910736 -0.779315 0
0.629686 -0.146056 0
-0.887558 0.651939 0
0.304035 0.668024 0
-0.107455 0.189625 0
-0.8495 0.622209 0
0.40829 0.859125 0
0.31059 -0.0119547 0
-0.828431 0.0931062 0
-0.153464 -0.0182256 0
-0.17324 0.204057 0
-0.54844 -0.944094 0
0.390325 -0.0748412 0
-0.024655 -0.660974 0
-0.101198 0.191072 0
-0.0913555 0.789358 0
0.0792278 -0.296316 0
-0.636454 -0.222464 0
0.588186 -0.945111 0
-0.939878 -0.704816 0
-0.50925 -0.45061 0
-0.652511 0.390344 0
0.282013 -0.261104 0
-0.651231 0.254578 0
-0.488032 -0.272692 0
0.280328 -0.169979 0
-0.29997 0.17253 0
0.492088 0.363568 0
0.413252 -0.426381 0
-0.303246 0.599934 0
0.629165 -0.145803 0
-0.691469 -0.193005 0
0.471865 0.153181 0
0.548357 -0.489189 0
-0.832304 -0.39413 0
-0.74247 0.614157 0
-0.520178 -0.860143 0
-0.373697 -0.279762 0
-0.304337 0.626504 0
0.212196 -0.0512874 0
0.259371 0.888029 0
-0.449779 -0.368784 0
-0.245937 -0.734183 0
-0.143337 0.306269 0
-0.28803 -0.589259 0
0.955397 0.26974 0
-0.764977 -0.24469 0
0.542137 0.164454 0
0.33243 -0.986946 0
-0.0475916 0.962003 0
-0.808273 0.854683 0
-0.308299 -0.310422 0
-0.834126 -0.647795 0
0.0305756 -0.500981 0
0.585633 0.984946 0
0.774471 -0.93756 0
0.0975657 -0.648637 0
0.703099 0.808995 0
-0.593374 0.0400161 0
-0.0415681 -0.695298 0
0.0998138 0.135611 0
-0.858813 -0.48215 0
-0.0648831 -0.79694 0
-0.336102 0.897982 0
-0.188388 0.450977 0
-0.130373 -0.897911 0
0.420898 -0.498112 0
-0.682175 -0.329529 0
0.600838 0.504809 0
0.271076 -0.823895 0
-0.598647 -0.973449 0
-0.0904675 -0.880845 0
-0.487907 -0.679611 0
-0.823458 0.523165 0
0.716851 -0.96159 0
-0.783422 -0.639499 0
-0.826972 0.725622 0
0.352044 -0.281887 0
-0.228366 -0.102245 0
0.464481 -0.877061 0
0.243595 0.508096 0
-0.440359 -0.122041 0
0.557471 0.918819 0
-0.444845 0.637175 0
0.0691354 0.133965 0
-0.276676 0.923165 0
-0.471039 0.28022 0
0.0080297 0.16398 0
-0.758977 -0.654554 0
0.596963 0.793353 0
-0.846021 0.0249211 0
-0.421395 -0.0439113 0
-0.547709 -0.06211 0
0.548058 0.509622 0
0.400942 0.946721 0
-0.763074 0.546427 0
0.070277 0.236476 0
0.612379 -0.341288 0
-0.446992 0.892484 0
-0.11004 0.68131 0
0.299399 0.974692 0
-0.0154864 0.705021 0
-0.463939 0.406574 0
0.314137 -0.472581 0
-0.217489 0.0171978 0
0.1121 0.757419 0
0.791978 0.519812 0
0.8909 0.692496 0
-0.0100316 -0.438603 0
-0.227047 0.179947 0
-0.465215 0.383123 0
0.496437 -0.819285 0
-0.654489 0.403877 0
-0.502273 0.774008 0
-0.0892344 0.521604 0
0.516154 -0.153228 0
0.274026 0.122351 0
-0.495843 0.966938 0
0.707229 0.922482 0
-0.0420901 -0.0401402 0
0.578372 -0.20608 0
0.543611 0.910502 0
-0.885751 0.191083 0
0.644991 0.713274 0
-0.904355 -0.595362 0
-0.458954 0.987807 0
0.756049 -0.863331 0
-0.969046 -0.492503 0
-0.849015 0.354448 0
-0.891814 -0.651064 0
-0.902623 -0.247077 0
-0.527164 -0.323462 0
0.130936 -0.792096 0
-0.141391 0.949166 0
0.962793 -0.873547 0
0.700991 0.986013 0
0.0807441 -0.76165 0
0.332064 -0.0535388 0
0.45795 -0.700025 0
-0.0109323 -0.0933011 0
0.528732 0.277887 0
-0.4748 -0.744503 0
-0.573491 -0.0168387 0
0.24491 0.753763 0
-0.790086 -0.621796 0
-0.110703 -0.563812 0
0.108232 0.110982 0
0.511161 -0.748808 0
-0.0735507 -0.362856 0
-0.527371 0.508014 0
0.333497 0.864878 0
0.065448 0.569328 0
-0.329605 0.338978 0
0.981269 -0.95964 0
-0.858853 -0.656303 0
-0.203554 -0.0775833 0
-0.356295 0.852299 0
0.37108 0.964099 0
-0.076212 -0.673986 0
-0.98705 0.769217 0
0.473153 -0.523195 0
0.685301 -0.946987 0
0.407565 0.0288192 0
-0.425439 0.700616 0
-0.699034 -0.961606 0
0.52828 -0.978454 0
0.20857 -0.364313 0
0.790656 0.842438 0
-0.616142 -0.884286 0
0.143333 -0.929679 0
0.798591 0.269067 0
-0.441469 0.671639 0
-0.891014 -0.985151 0
-0.0846914 0.163142 0
-0.460334 0.51059 0
-0.446708 0.503107 0
-0.17242 -0.798143 0
-0.677039 -0.799086 0
0.183507 -0.123602 0
-0.529678 -0.166769 0
0.403214 0.432162 0
-0.861048 -0.548824 0
0.322952 -0.300802 0
-0.760411 0.0925318 0
0.212106 -0.566012 0
-0.0884552 0.606404 0
0.781492 0.100891 0
0.50436 0.563053 0
-0.805946 0.474648 0
0.47489 -0.0729901 0
0.449366 0.387195 0
-0.0100425 0.513784 0
0.618765 -0.355764 0
0.33843 0.0981716 0
0.356596 -0.469958 0
0.548193 -0.879686 0
-0.954566 -0.746994 0
-0.915107 0.110499 0
0.0113696 0.427146 0
0.356098 -0.553225 0
0.944776 0.493612 0
0.365488 0.810873 0
-0.821447 -0.358613 0
0.464966 0.393292 0
-0.40426 0.210558 0
-0.848906 0.365588 0
-0.461686 -0.0039854 0
-0.652761 0.871105 0
0.386313 0.964984 0
0.396398 0.834431 0
-0.913617 -0.898854 0
-0.123264 0.670429 0
0.180355 -0.984219 0
0.556358 -0.318666 0
-0.596726 -0.724155 0
0.453629 0.776707 0
0.260822 0.902558 0
0.585537 0.397991 0
0.38292 -0.0784472 0
-0.0257175 0.95277 0
0.865889 0.785221 0
0.821057 -0.140182 0
0.999745 0.498897 0
0.355485 0.289688 0
-0.0611838 -0.239936 0
0.0521936 0.957978 0
0.316606 -0.570678 0
-0.0135012 -0.927524 0
0.768482 -0.777014 0
0.516064 0.412603 0
-0.909202 0.17291 0
-0.00228375 0.248525 0
0.397148 0.615311 0
-0.566291 0.519877 0
-0.844521 0.752276 0
0.779325 -0.526858 0
0.828799 -0.254158 0
0.314708 -0.557753 0
0.952988 -0.756146 0
0.738567 0.506616 0
-0.814402 -0.290599 0
0.264763 -0.701515 0
-0.330454 -0.227491 0
-0.42151 -0.599649 0
-0.823021 -0.969099 0
0.658578 0.245935 0
0.307829 -0.392601 0
-0.854498 0.347086 0
0.852891 -0.832586 0
0.0607733 -0.870714 0
-0.059558 -0.270469 0
0.937294 0.658842 0
0.19742 -0.810311 0
-0.706807 0.156658 0
0.429385 -0.0402818 0
-0.57332 0.340456 0
-0.370363 0.203594 0
0.00498569 0.797233 0
-0.738768 0.752577 0
0.767811 -0.50865 0
0.940619 0.661354 0
-0.785532 -0.151396 0
0.659227 -0.50775 0
-0.227355 0.0259184 0
0.800114 -0.976078 0
0.6417 0.965347 0
0.637181 -0.866372 0
-0.070287 0.58913 0
0.080052 0.732393 0
-0.320051 0.189805 0
-0.785201 0.259045 0
-0.105121 -0.152429 0
0.81512 0.947937 0
0.312961 0.806442 0
0.368907 -0.281857 0
0.159065 0.684731 0
0.369589 0.938154 0
0.27378 0.575213 0
-0.674691 0.379288 0
-0.339657 -0.21102 0
0.151585 0.422256 0
-0.411016 0.730825 0
-0.469942 -0.999581 0
-0.697068 -0.546047 0
-0.742841 -0.945644 0
0.314761 0.795022 0
0.976712 -0.0751241 0
-0.6463 -0.40416 0
0.47474 0.713695 0
0.00179899 0.0415891 0
-0.587416 0.284974 0
-0.595183 -0.744706 0
-0.645346 -0.898492 0
0.654568 0.655591 0
-0.199071 0.451414 0
0.739544 0.831006 0
-0.670483 0.951898 0
0.890777 -0.195442 0
0.165954 -0.5193 0
-0.475633 0.716866 0
-0.880227 0.453853 0
-0.389299 -0.829442 0
0.411864 0.377999 0
0.733196 -0.190743 0
-0.647022 0.041656 0
0.630222 0.546076 0
-0.892271 0.999093 0
0.913946 -0.416107 0
-0.577575 0.177374 0
-0.530787 0.273409 0
-0.590847 0.243648 0
0.370447 -0.832074 0
0.440345 0.388886 0
-0.580346 -0.0896165 0
0.0113804 0.591366 0
-0.98511 -0.695617 0
0.237493 -0.147178 0
0.468486 -0.037642 0
0.706532 0.0319833 0
-0.951684 -0.778514 0
-0.997882 0.189372 0
-0.0800673 -0.814373 0
-0.398585 0.544541 0
0.651019 -0.897319 0
-0.721798 0.385151 0
-0.424452 -0.969364 0
0.526268 0.223105 0
0.663585 -0.432581 0
-0.185053 0.00929558 0
0.486978 0.0109553 0
-0.0472603 -0.300666 0
-0.256579 0.0477513 0
0.329837 -0.0768101 0
0.157496 -0.365973 0
0.9893 0.335201 0
-0.630246 0.902571 0
-0.226592 -0.743836 0
0.279086 0.769673 0
0.829236 -0.921428 0
-0.672068 -0.887665 0
-0.109623 0.98361 0
-0.219039 0.429863 0
-0.571413 -0.282753 0
-0.798433 0.344824 0
0.742508 0.522625 0
-0.405412 -0.589585 0
-0.839729 0.842137 0
0.923301 0.0459256 0
0.35899 -0.167041 0
-0.221593 0.808162 0
-0.786864 0.121419 0
-0.0923169 -0.019572 0
0.832564 -0.508706 0
-0.925919 0.916068 0
0.960278 -0.970392 0
-0.26926 0.70748 0
-0.0126612 -0.449947 0
-0.975828 0.409065 0
-0.643573 -0.634273 0
0.681948 -0.700243 0
-0.354531 -0.200024 0
-0.54494 -0.934539 0
-0.114901 -0.169915 0
0.822777 0.234044 0
0.635905 0.441868 0
0.869733 0.449406 0
-0.790782 0.17403 0
0.897757 0.548806 0
-0.145843 0.531871 0
-0.408137 0.496783 0
-0.670057 0.726159 0
0.00679922 0.556081 0
0.720729 -0.647916 0
0.844943 0.959427 0
-0.0566376 -0.227143 0
0.709036 0.697772 0
0.27905 -0.644866 0
-0.599574 -0.0505849 0
-0.898933 0.14269 0
-0.248902 -0.0365684 0
-0.187903 -0.056015 0
0.582882 0.761156 0
0.419015 0.70446 0
-0.207171 -0.574978 0
-0.551781 0.36962 0
-0.605164 -0.214848 0
-0.220688 0.442578 0
0.358508 0.256171 0
0.977083 -0.228933 0
0.221565 -0.779151 0
0.92106 -0.282947 0
0.0395412 0.541576 0
0.428461 0.973732 0
-0.11974 -0.39931 0
0.459793 -0.00125563 0
-0.292305 0.0100353 0
0.653792 0.3638 0
-0.463495 -0.902716 0
0.944531 -0.656609 0
0.348877 -0.359564 0
-0.255698 -0.833143 0
-0.539275 -0.568401 0
-0.374401 -0.0494921 0
-0.841 0.210984 0
0.530789 -0.014674 0
-0.232666 0.611517 0
-0.530897 -0.3251 0
0.406017 -0.676892 0
-0.373526 -0.788175 0
-0.817746 0.0263941 0
-0.848931 -0.0891063 0
-0.396655 -0.65946 0
0.29845 0.489126 0
0.517226 -0.485456 0
0.526166 0.558992 0
0.251418 -0.876701 0
-0.219464 0.913319 0
0.840661 -0.513039 0
0.698736 0.91267 0
0.781772 0.048883 0
0.237033 -0.65427 0
-0.981526 -0.671868 0
0.92839 0.22204 0
-0.104755 0.850538 0
0.782915 -0.955831 0
0.0463629 -0.322547 0
-0.512769 0.198517 0
0.496462 0.792391 0
-0.296745 0.252118 0
-0.552577 0.265642 0
0.661214 -0.677645 0
-0.247387 -0.848517 0
-0.291465 -0.763904 0
0.110016 -0.198121 0
0.792622 -0.454246 0
-0.724495 -0.0548741 0
-0.387523 0.137196 0
-0.757864 0.483701 0
-0.254488 -0.144199 0
0.202832 0.632131 0
-0.234338 -0.625665 0
0.521542 0.267573 0
0.976269 0.835911 0
0.695706 -0.330822 0
0.333002 0.453131 0
-0.518948 0.406074 0
0.617892 0.409722 0
0.807257 0.931766 0
-0.506904 0.363533 0
0.383022 -0.321686 0
0.506478 0.185144 0
-0.921082 -0.119214 0
-0.259053 -0.384829 0
0.838579 -0.889605 0
0.49315 0.576444 0
-0.926914 -0.627885 0
0.829923 0.346917 0
0.784456 -0.834957 0
-0.000845313 -0.787525 0
0.893612 0.501366 0
-0.615766 0.0785803 0
0.163449 0.594745 0
-0.344285 -0.919969 0
0.784788 0.0576036 0
-0.457065 0.849615 0
-0.655062 0.547888 0
0.439608 -0.126628 0
0.67608 -0.462581 0
0.163483 0.740697 0
0.361418 -0.116556 0
-0.882221 0.920393 0
0.422263 0.63518 0
0.881771 0.543274 0
0.894906 -0.997526 0
0.0409329 -0.166378 0
-0.711371 -0.748124 0
-0.376268 -0.783746 0
0.462167 0.6658 0
0.918075 0.715131 0
0.544153 -0.787534 0
0.254122 0.00989091 0
0.647535 0.787594 0
-0.191167 0.170075 0
-0.792816 -0.513548 0
0.593556 -0.310365 0
0.841938 0.621822 0
-0.559144 -0.912826 0
0.473269 0.537969 0
-0.315074 -0.700157 0
0.490955 0.0380473 0
-0.397464 0.706423 0
0.805961 -0.401579 0
-0.684452 -0.481547 0
-0.531029 0.872709 0
-0.811691 0.0489718 0
-0.390846 -0.0610667 0
0.321142 -0.0599737 0
-0.369998 -0.673104 0
0.288419 0.0972497 0
0.766482 0.735697 0
-0.68581 0.837363 0
-0.222901 0.672719 0
-0.733575 -0.00981289 0
-0.479219 -0.945844 0
-0.444485 0.202981 0
0.191671 0.415547 0
-0.309655 0.248336 0
-0.603633 0.898586 0
0.824595 -0.544998 0
-0.64342 -0.788114 0
-0.670348 0.616082 0
-0.892743 -0.612679 0
0.0306115 0.5934 0
-0.43329 -0.96827 0
-0.507355 0.661589 0
0.797868 0.332723 0
-0.252924 -0.0489066 0
-0.22116 0.0521724 0
0.423746 -0.547877 0
-0.577498 0.906612 0
0.0716476 0.778804 0
-0.764757 -0.731156 0
0.437357 0.0365154 0
-0.518325 0.087993 0
-0.695215 -0.53907 0
0.502597 -0.585554 0
0.865718 0.169211 0
0.0566642 -0.821423 0
-0.383247 -0.0795195 0
0.254013 0.607363 0
0.592916 0.808335 0
-0.186797 0.265114 0
0.306887 0.259458 0
-0.252143 -0.768278 0
-0.420764 -0.869596 0
0.380803 -0.321616 0
0.0917188 0.709552 0
-0.378314 0.443902 0
0.19493 -0.674443 0
-0.547187 0.992711 0
0.0278102 -0.506032 0
0.954627 0.593274 0
-0.926765 -0.949431 0
0.0481298 0.404846 0
0.704622 -0.16228 0
0.480376 0.762982 0
-0.799212 0.0212673 0
0.451737 0.370557 0
-0.686181 -0.0115532 0
-0.00411242 0.966612 0
-0.237804 -0.73412 0
0.0143623 -0.242723 0
-0.994474 -0.407388 0
-0.287277 -0.980684 0
0.0233383 -0.893251 0
-0.993517 -0.0412774 0
-0.632818 -0.0172883 0
0.398506 0.451864 0
-0.795419 0.370385 0
-0.238617 0.688708 0
0.0891382 -0.993949 0
0.857104 -0.291222 0
-0.678198 -0.890504 0
-0.592644 0.844285 0
0.89158 -0.863102 0
-0.00164032 0.0471009 0
-0.0388348 -0.963353 0
-0.980866 -0.642633 0
0.357897 0.0802876 0
0.481764 0.721131 0
0.5048 -0.132351 0
0.0569546 -0.559662 0
-0.35368 -0.995425 0
-0.417779 0.726434 0
0.997071 0.0591136 0
-0.379006 0.408699 0
0.156163 0.948813 0
0.349934 0.914382 0
0.698995 -0.964791 0
-0.243184 -0.00114012 0
-0.814968 0.20906 0
0.782366 0.351729 0
-0.485635 0.148555 0
-0.847026 -0.343888 0
-0.747051 0.775258 0
0.667476 0.337031 0
-0.736434 0.848 0
0.826004 0.999443 0
-0.800575 -0.899777 0
0.655397 -0.842797 0
-0.724679 0.799857 0
0.407668 0.361431 0
-0.555773 0.351137 0
-0.450175 -0.731809 0
0.43549 0.114496 0
0.146472 0.120026 0
0.608479 -0.795009 0
-0.712817 0.297546 0
-0.211583 -0.876985 0
0.212281 -0.937176 0
0.054211 -0.591146 0
0.0531726 -0.679971 0
0.587553 0.433855 0
0.337091 -0.0367572 0
0.600222 0.497025 0
-0.700269 0.733127 0
0.00318587 0.366219 0
-0.372623 0.656262 0
-0.622702 0.529504 0
-0.269498 -0.714204 0
0.0373828 -0.315505 0
-0.894591 -0.950382 0
0.621929 -0.754206 0
-0.851713 0.685025 0
-0.567046 0.832282 0
-0.579456 -0.371752 0
-0.365867 0.718845 0
-0.794826 0.0864573 0
-0.0936025 0.937657 0
-0.682465 0.703171 0
0.515606 -0.956501 0
0.0606107 -0.0492744 0
-0.140463 -0.405214 0
0.626839 0.972401 0
-0.630111 -0.577488 0
0.903869 0.0405107 0
0.46081 0.338982 0
0.998744 0.554307 0
0.748887 0.66397 0
0.928733 0.682088 0
0.440063 0.0351672 0
-0.959383 -0.141926 0
-0.0836148 0.0943004 0
-0.103057 0.766014 0
-0.662418 -0.124735 0
-0.27863 -0.951533 0
0.803197 0.0883756 0
0.258237 0.116525 0
0.149188 0.03567 0
-0.96989 0.915379 0
-0.451784 0.879171 0
0.310504 0.154426 0
0.289227 0.263927 0
0.154063 -0.401717 0
-0.714194 -0.475734 0
0.0575037 -0.815674 0
-0.731028 0.148264 0
-0.319994 -0.631547 0
0.846651 -0.336777 0
-0.275223 -0.573503 0
-0.873693 0.216865 0
-0.639888 0.394583 0
-0.539252 -0.995278 0
-0.657446 -0.757869 0
0.0739177 0.535987 0
-0.431845 0.74468 0
-0.821433 -0.813142 0
-0.324149 0.870332 0
-0.398825 -0.827844 0
0.937212 -0.167463 0
-0.77578 0.924016 0
-0.109656 -0.890387 0
-0.417044 0.0849718 0
-0.907601 -0.443583 0
-0.764832 0.0164671 0
0.453011 -0.433887 0
0.210164 0.610498 0
0.24272 0.362909 0
-0.834316 0.59155 0
0.634232 0.900326 0
0.123139 0.08945 0
0.695552 0.039798 0
0.72597 0.965531 0
-0.499907 -0.977435 0
-0.0970627 -0.83751 0
-0.233992 0.897558 0
-0.782645 0.811841 0
0.958437 -0.280631 0
0.864486 -0.582335 0
0.250104 0.2026 0
0.287318 -0.644747 0
-0.301584 0.344036 0
0.829318 -0.897722 0
0.991966 0.79882 0
0.32805 0.517978 0
0.609948 0.258185 0
0.570993 -0.584339 0
-0.276231 -0.526795 0
-0.902903 0.354853 0
0.313542 0.43102 0
-0.298308 0.741271 0
-0.102909 -0.626604 0
0.133031 0.267694 0
-0.238142 0.241306 0
-0.540924 -0.881311 0
-0.99011 0.509874 0
-0.410942 -0.670786 0
0.776507 -0.196015 0
0.649578 -0.685353 0
0.620458 0.749011 0
0.936119 0.667645 0
0.340474 0.649208 0
0.440068 0.980669 0
-0.253922 -0.0881824 0
0.430537 0.291017 0
-0.200988 -0.652765 0
0.567269 0.359218 0
-0.25709 -0.908552 0
-0.294306 0.839892 0
-0.548997 -0.26346 0
0.31224 0.494163 0
-0.885888 0.457661 0
0.692572 -0.155249 0
0.235472 0.794649 0
0.931034 -0.837653 0
0.788723 -0.125959 0
-0.196111 0.0959141 0
-0.0379207 -0.527658 0
0.318874 -0.705032 0
0.988518 0.126807 0
-0.90519 -0.54528 0
0.464714 -0.628604 0
-0.00658286 0.414966 0
0.222086 0.92846 0
-0.949577 0.495606 0
0.783572 0.697527 0
-0.361822 0.943415 0
0.228726 -0.660058 0
-0.99248 0.452709 0
0.940046 0.55112 0
0.886555 -0.864138 0
-0.46178 0.956817 0
0.965725 0.511706 0
0.654364 -0.633245 0
0.170259 -0.355988 0
0.182874 0.130712 0
0.305 -0.689691 0
0.589151 0.804137 0
0.0789405 -0.372905 0
0.808144 0.128245 0
0.919733 0.328171 0
-0.744302 0.322503 0
0.788634 -0.0522565 0
-0.054682 -0.241359 0
-0.753621 0.916622 0
-0.554572 -0.397861 0
-0.188842 -0.288388 0
-0.925758 -0.113664 0
-0.690406 -0.755723 0
-0.604471 -0.00101811 0
0.321584 0.20844 0
-0.0257375 0.337957 0
-0.416535 0.262551 0
0.10944 -0.347116 0
-0.231803 -0.665918 0
-0.707786 0.655268 0
-0.484525 0.0445787 0
-0.761211 0.687499 0
-0.846549 -0.854824 0
0.520811 -0.265271 0
0.876854 -0.908336 0
-0.543429 -0.418298 0
0.210877 0.433711 0
0.957733 0.518088 0
-0.875012 0.748073 0
-0.122416 -0.0488582 0
0.407287 -0.66098 0
0.376033 -0.990429 0
-0.0308684 -0.217213 0
0.575794 0.621326 0
0.809684 0.434708 0
-0.263542 -0.132177 0
0.448476 0.304788 0
0.796708 -0.22612 0
0.0502621 -0.356929 0
0.742255 -0.660383 0
0.239445 0.0579464 0
-0.616814 -0.947423 0
-0.540457 -0.923566 0
-0.795845 0.739709 0
0.828582 0.38284 0
-0.347333 -0.0146537 0
-0.247226 -0.82618 0
-0.172384 -0.832945 0
-0.65252 -0.301986 0
-0.814111 0.806161 0
0.221168 0.308218 0
0.168241 0.213592 0
-0.611326 0.749722 0
-0.153562 -0.180209 0
-0.625542 0.534726 0
0.777695 -0.906493 0
-0.0645113 -0.991704 0
-0.490833 -0.572039 0
-0.67278 -0.460595 0
-0.15787 -0.773963 0
0.820818 -0.471005 0
-0.874442 -0.28694 0
0.0915627 -0.512918 0
-0.732381 0.492296 0
-0.902813 0.0888274 0
-0.0842981 0.130087 0
0.60272 0.72816 0
-0.928918 -0.494343 0
0.128463 -0.242559 0
-0.838363 -0.996675 0
0.169778 0.467624 0
0.710502 0.317276 0
-0.400295 0.284799 0
0.412498 -0.762794 0
-0.699392 0.668917 0
0.126388 -0.320928 0
-0.264583 -0.914362 0
-0.188387 0.138746 0
-0.167716 0.863731 0
-0.588186 0.580009 0
0.832066 -0.647053 0
0.352299 0.817037 0
-0.0168578 0.519087 0
-0.1544 0.128815 0
-0.0167506 0.628602 0
-0.203178 -0.401548 0
0.35993 0.925769 0
-0.612129 -0.194418 0
0.83223 0.876964 0
-0.716417 0.995686 0
-0.244662 -0.642938 0
-0.296568 0.694427 0
0.650513 -0.352608 0
-0.626151 0.526201 0
0.370731 -0.463447 0
0.238294 -0.344899 0
0.473395 0.759498 0
-0.361324 0.30073 0
-0.957397 -0.41611 0
0.738086 0.0722237 0
0.805201 -0.084357 0
-0.070493 -0.220436 0
-0.899132 0.28553 0
0.123513 0.157159 0
-0.14158 -0.442763 0
0.427529 0.136746 0
-0.580816 -0.949268 0
-0.141425 0.747008 0
0.333596 -0.662824 0
0.429636 -0.031382 0
-0.697118 -0.701096 0
-0.415456 0.889109 0
0.894792 0.46818 0
0.546198 0.094614 0
0.317167 -0.14966 0
-0.223781 -0.861796 0
-0.0390382 -0.534725 0
-0.857949 -0.230911 0
0.137575 -0.33715 0
-0.781919 -0.397981 0
-0.258541 -0.97241 0
0.785333 0.640256 0
-0.652601 0.574288 0
-0.891409 -0.0160798 0
-0.681424 0.726685 0
0.343072 -0.800916 0
0.22914 -0.169454 0
-0.990946 -0.690531 0
0.31469 0.149542 0
0.282057 -0.163228 0
0.709424 0.407053 0
-0.79697 0.367081 0
0.72188 0.303737 0
-0.390557 0.815021 0
-0.0898488 -0.391149 0
-0.993898 0.758437 0
0.0987117 0.460073 0
0.464175 -0.689548 0
-0.10876 -0.0185453 0
-0.704941 0.430715 0
0.0827279 -0.750642 0
-0.914013 0.116803 0
-0.939736 0.536947 0
-0.776749 0.768372 0
0.830902 0.536781 0
0.609419 -0.276809 0
-0.955372 -0.418846 0
0.876005 -0.732369 0
0.560793 -0.208711 0
0.832833 0.0850103 0
0.605165 0.811772 0
0.181177 0.51478 0
0.247093 -0.690031 0
0.803174 -0.440688 0
0.276136 -0.504874 0
